+8.2000000E+00	+6.1391732E-01	-2.7950986E+01
+8.2042000E+00	+6.1421951E-01	-3.0436450E+01
+8.2084000E+00	+6.1452961E-01	-3.2923742E+01
+8.2126000E+00	+6.1484702E-01	-3.5412584E+01
+8.2168000E+00	+6.1517115E-01	-3.7902707E+01
+8.2210000E+00	+6.1550144E-01	-4.0393849E+01
+8.2252000E+00	+6.1583730E-01	-4.2885758E+01
+8.2294000E+00	+6.1617819E-01	-4.5378191E+01
+8.2336000E+00	+6.1652355E-01	-4.7870915E+01
+8.2378000E+00	+6.1687284E-01	-5.0363705E+01
+8.2420000E+00	+6.1722556E-01	-5.2856345E+01
+8.2462000E+00	+6.1758119E-01	-5.5348632E+01
+8.2504000E+00	+6.1793924E-01	-5.7840369E+01
+8.2546000E+00	+6.1829924E-01	-6.0331370E+01
+8.2588000E+00	+6.1866074E-01	-6.2821460E+01
+8.2630000E+00	+6.1902331E-01	-6.5310472E+01
+8.2672000E+00	+6.1938652E-01	-6.7798249E+01
+8.2714000E+00	+6.1974998E-01	-7.0284645E+01
+8.2756000E+00	+6.2011332E-01	-7.2769522E+01
+8.2798000E+00	+6.2047617E-01	-7.5252751E+01
+8.2840000E+00	+6.2083822E-01	-7.7734214E+01
+8.2882000E+00	+6.2119914E-01	-8.0213801E+01
+8.2924000E+00	+6.2155864E-01	-8.2691411E+01
+8.2966000E+00	+6.2191645E-01	-8.5166951E+01
+8.3008000E+00	+6.2227232E-01	-8.7640337E+01
+8.3050000E+00	+6.2262602E-01	-9.0111495E+01
+8.3092000E+00	+6.2297735E-01	-9.2580355E+01
+8.3134000E+00	+6.2332611E-01	-9.5046859E+01
+8.3176000E+00	+6.2367213E-01	-9.7510952E+01
+8.3218000E+00	+6.2401526E-01	-9.9972590E+01
+8.3260000E+00	+6.2435538E-01	-1.0243173E+02
+8.3302000E+00	+6.2469237E-01	-1.0488835E+02
+8.3344000E+00	+6.2502614E-01	-1.0734242E+02
+8.3386000E+00	+6.2535660E-01	-1.0979391E+02
+8.3428000E+00	+6.2568369E-01	-1.1224282E+02
+8.3470000E+00	+6.2600737E-01	-1.1468914E+02
+8.3512000E+00	+6.2632761E-01	-1.1713285E+02
+8.3554000E+00	+6.2664438E-01	-1.1957397E+02
+8.3596000E+00	+6.2695769E-01	-1.2201249E+02
+8.3638000E+00	+6.2726754E-01	-1.2444843E+02
+8.3680000E+00	+6.2757395E-01	-1.2688180E+02
+8.3722000E+00	+6.2787696E-01	-1.2931262E+02
+8.3764000E+00	+6.2817661E-01	-1.3174091E+02
+8.3806000E+00	+6.2847294E-01	-1.3416668E+02
+8.3848000E+00	+6.2876602E-01	-1.3658997E+02
+8.3890000E+00	+6.2905591E-01	-1.3901080E+02
+8.3932000E+00	+6.2934270E-01	-1.4142921E+02
+8.3974000E+00	+6.2962647E-01	-1.4384522E+02
+8.4016000E+00	+6.2990730E-01	-1.4625887E+02
+8.4058000E+00	+6.3018528E-01	-1.4867019E+02
+8.4100000E+00	+6.3046052E-01	-1.5107923E+02
+8.4142000E+00	+6.3073312E-01	-1.5348601E+02
+8.4184000E+00	+6.3100317E-01	-1.5589058E+02
+8.4226000E+00	+6.3127080E-01	-1.5829297E+02
+8.4268000E+00	+6.3153611E-01	-1.6069323E+02
+8.4310000E+00	+6.3179921E-01	-1.6309139E+02
+8.4352000E+00	+6.3206022E-01	-1.6548749E+02
+8.4394000E+00	+6.3231924E-01	-1.6788157E+02
+8.4436000E+00	+6.3257639E-01	-1.7027367E+02
+8.4478000E+00	+6.3283179E-01	-1.7266383E+02
+8.4520000E+00	+6.3308554E-01	-1.7505208E+02
+8.4562000E+00	+6.3333775E-01	-1.7743846E+02
+8.4604000E+00	+6.3358854E-01	-1.7982301E+02
+8.4646000E+00	+6.3383800E-01	+1.7779424E+02
+8.4688000E+00	+6.3408625E-01	+1.7541326E+02
+8.4730000E+00	+6.3433338E-01	+1.7303401E+02
+8.4772000E+00	+6.3457950E-01	+1.7065646E+02
+8.4814000E+00	+6.3482469E-01	+1.6828058E+02
+8.4856000E+00	+6.3506906E-01	+1.6590634E+02
+8.4898000E+00	+6.3531268E-01	+1.6353371E+02
+8.4940000E+00	+6.3555565E-01	+1.6116268E+02
+8.4982000E+00	+6.3579804E-01	+1.5879321E+02
+8.5024000E+00	+6.3603993E-01	+1.5642528E+02
+8.5066000E+00	+6.3628139E-01	+1.5405887E+02
+8.5108000E+00	+6.3652250E-01	+1.5169396E+02
+8.5150000E+00	+6.3676330E-01	+1.4933053E+02
+8.5192000E+00	+6.3700388E-01	+1.4696857E+02
+8.5234000E+00	+6.3724427E-01	+1.4460806E+02
+8.5276000E+00	+6.3748453E-01	+1.4224898E+02
+8.5318000E+00	+6.3772472E-01	+1.3989133E+02
+8.5360000E+00	+6.3796486E-01	+1.3753509E+02
+8.5402000E+00	+6.3820500E-01	+1.3518026E+02
+8.5444000E+00	+6.3844517E-01	+1.3282683E+02
+8.5486000E+00	+6.3868541E-01	+1.3047479E+02
+8.5528000E+00	+6.3892573E-01	+1.2812413E+02
+8.5570000E+00	+6.3916617E-01	+1.2577486E+02
+8.5612000E+00	+6.3940673E-01	+1.2342696E+02
+8.5654000E+00	+6.3964745E-01	+1.2108045E+02
+8.5696000E+00	+6.3988832E-01	+1.1873532E+02
+8.5738000E+00	+6.4012935E-01	+1.1639156E+02
+8.5780000E+00	+6.4037056E-01	+1.1404919E+02
+8.5822000E+00	+6.4061195E-01	+1.1170821E+02
+8.5864000E+00	+6.4085351E-01	+1.0936862E+02
+8.5906000E+00	+6.4109524E-01	+1.0703041E+02
+8.5948000E+00	+6.4133714E-01	+1.0469361E+02
+8.5990000E+00	+6.4157920E-01	+1.0235822E+02
+8.6032000E+00	+6.4182142E-01	+1.0002424E+02
+8.6074000E+00	+6.4206377E-01	+9.7691679E+01
+8.6116000E+00	+6.4230626E-01	+9.5360547E+01
+8.6158000E+00	+6.4254887E-01	+9.3030850E+01
+8.6200000E+00	+6.4279157E-01	+9.0702598E+01
+8.6242000E+00	+6.4303437E-01	+8.8375798E+01
+8.6284000E+00	+6.4327724E-01	+8.6050461E+01
+8.6326000E+00	+6.4352016E-01	+8.3726594E+01
+8.6368000E+00	+6.4376312E-01	+8.1404207E+01
+8.6410000E+00	+6.4400611E-01	+7.9083308E+01
+8.6452000E+00	+6.4424909E-01	+7.6763906E+01
+8.6494000E+00	+6.4449207E-01	+7.4446009E+01
+8.6536000E+00	+6.4473501E-01	+7.2129626E+01
+8.6578000E+00	+6.4497792E-01	+6.9814765E+01
+8.6620000E+00	+6.4522076E-01	+6.7501433E+01
+8.6662000E+00	+6.4546353E-01	+6.5189637E+01
+8.6704000E+00	+6.4570621E-01	+6.2879384E+01
+8.6746000E+00	+6.4594879E-01	+6.0570680E+01
+8.6788000E+00	+6.4619125E-01	+5.8263530E+01
+8.6830000E+00	+6.4643360E-01	+5.5957940E+01
+8.6872000E+00	+6.4667581E-01	+5.3653913E+01
+8.6914000E+00	+6.4691789E-01	+5.1351453E+01
+8.6956000E+00	+6.4715981E-01	+4.9050562E+01
+8.6998000E+00	+6.4740160E-01	+4.6751244E+01
+8.7040000E+00	+6.4764322E-01	+4.4453498E+01
+8.7082000E+00	+6.4788470E-01	+4.2157325E+01
+8.7124000E+00	+6.4812602E-01	+3.9862724E+01
+8.7166000E+00	+6.4836719E-01	+3.7569695E+01
+8.7208000E+00	+6.4860821E-01	+3.5278235E+01
+8.7250000E+00	+6.4884908E-01	+3.2988340E+01
+8.7292000E+00	+6.4908983E-01	+3.0700007E+01
+8.7334000E+00	+6.4933044E-01	+2.8413230E+01
+8.7376000E+00	+6.4957093E-01	+2.6128004E+01
+8.7418000E+00	+6.4981132E-01	+2.3844321E+01
+8.7460000E+00	+6.5005161E-01	+2.1562174E+01
+8.7502000E+00	+6.5029182E-01	+1.9281554E+01
+8.7544000E+00	+6.5053196E-01	+1.7002451E+01
+8.7586000E+00	+6.5077206E-01	+1.4724855E+01
+8.7628000E+00	+6.5101212E-01	+1.2448754E+01
+8.7670000E+00	+6.5125217E-01	+1.0174137E+01
+8.7712000E+00	+6.5149223E-01	+7.9009900E+00
+8.7754000E+00	+6.5173231E-01	+5.6292991E+00
+8.7796000E+00	+6.5197243E-01	+3.3590498E+00
+8.7838000E+00	+6.5221262E-01	+1.0902267E+00
+8.7880000E+00	+6.5245290E-01	-1.1771863E+00
+8.7922000E+00	+6.5269329E-01	-3.4432061E+00
+8.7964000E+00	+6.5293381E-01	-5.7078502E+00
+8.8006000E+00	+6.5317448E-01	-7.9711366E+00
+8.8048000E+00	+6.5341533E-01	-1.0233084E+01
+8.8090000E+00	+6.5365637E-01	-1.2493712E+01
+8.8132000E+00	+6.5389762E-01	-1.4753039E+01
+8.8174000E+00	+6.5413911E-01	-1.7011086E+01
+8.8216000E+00	+6.5438085E-01	-1.9267874E+01
+8.8258000E+00	+6.5462286E-01	-2.1523423E+01
+8.8300000E+00	+6.5486516E-01	-2.3777755E+01
+8.8342000E+00	+6.5510776E-01	-2.6030890E+01
+8.8384000E+00	+6.5535068E-01	-2.8282851E+01
+8.8426000E+00	+6.5559392E-01	-3.0533660E+01
+8.8468000E+00	+6.5583750E-01	-3.2783337E+01
+8.8510000E+00	+6.5608142E-01	-3.5031906E+01
+8.8552000E+00	+6.5632570E-01	-3.7279387E+01
+8.8594000E+00	+6.5657034E-01	-3.9525803E+01
+8.8636000E+00	+6.5681533E-01	-4.1771176E+01
+8.8678000E+00	+6.5706068E-01	-4.4015527E+01
+8.8720000E+00	+6.5730638E-01	-4.6258877E+01
+8.8762000E+00	+6.5755243E-01	-4.8501248E+01
+8.8804000E+00	+6.5779882E-01	-5.0742660E+01
+8.8846000E+00	+6.5804554E-01	-5.2983133E+01
+8.8888000E+00	+6.5829257E-01	-5.5222688E+01
+8.8930000E+00	+6.5853989E-01	-5.7461345E+01
+8.8972000E+00	+6.5878749E-01	-5.9699121E+01
+8.9014000E+00	+6.5903535E-01	-6.1936035E+01
+8.9056000E+00	+6.5928342E-01	-6.4172106E+01
+8.9098000E+00	+6.5953169E-01	-6.6407349E+01
+8.9140000E+00	+6.5978012E-01	-6.8641783E+01
+8.9182000E+00	+6.6002868E-01	-7.0875421E+01
+8.9224000E+00	+6.6027732E-01	-7.3108279E+01
+8.9266000E+00	+6.6052600E-01	-7.5340372E+01
+8.9308000E+00	+6.6077467E-01	-7.7571711E+01
+8.9350000E+00	+6.6102329E-01	-7.9802310E+01
+8.9392000E+00	+6.6127180E-01	-8.2032179E+01
+8.9434000E+00	+6.6152015E-01	-8.4261329E+01
+8.9476000E+00	+6.6176828E-01	-8.6489770E+01
+8.9518000E+00	+6.6201612E-01	-8.8717508E+01
+8.9560000E+00	+6.6226362E-01	-9.0944552E+01
+8.9602000E+00	+6.6251070E-01	-9.3170907E+01
+8.9644000E+00	+6.6275729E-01	-9.5396579E+01
+8.9686000E+00	+6.6300333E-01	-9.7621570E+01
+8.9728000E+00	+6.6324874E-01	-9.9845885E+01
+8.9770000E+00	+6.6349345E-01	-1.0206952E+02
+8.9812000E+00	+6.6373737E-01	-1.0429249E+02
+8.9854000E+00	+6.6398042E-01	-1.0651477E+02
+8.9896000E+00	+6.6422253E-01	-1.0873638E+02
+8.9938000E+00	+6.6446361E-01	-1.1095731E+02
+8.9980000E+00	+6.6470357E-01	-1.1317755E+02
+9.0022000E+00	+6.6494235E-01	-1.1539710E+02
+9.0064000E+00	+6.6517984E-01	-1.1761595E+02
+9.0106000E+00	+6.6541596E-01	-1.1983410E+02
+9.0148000E+00	+6.6565063E-01	-1.2205153E+02
+9.0190000E+00	+6.6588377E-01	-1.2426823E+02
+9.0232000E+00	+6.6611529E-01	-1.2648419E+02
+9.0274000E+00	+6.6634510E-01	-1.2869941E+02
+9.0316000E+00	+6.6657313E-01	-1.3091386E+02
+9.0358000E+00	+6.6679929E-01	-1.3312753E+02
+9.0400000E+00	+6.6702350E-01	-1.3534041E+02
+9.0442000E+00	+6.6724570E-01	-1.3755247E+02
+9.0484000E+00	+6.6746580E-01	-1.3976370E+02
+9.0526000E+00	+6.6768373E-01	-1.4197409E+02
+9.0568000E+00	+6.6789943E-01	-1.4418360E+02
+9.0610000E+00	+6.6811283E-01	-1.4639223E+02
+9.0652000E+00	+6.6832387E-01	-1.4859994E+02
+9.0694000E+00	+6.6853250E-01	-1.5080673E+02
+9.0736000E+00	+6.6873865E-01	-1.5301255E+02
+9.0778000E+00	+6.6894229E-01	-1.5521740E+02
+9.0820000E+00	+6.6914338E-01	-1.5742123E+02
+9.0862000E+00	+6.6934187E-01	-1.5962404E+02
+9.0904000E+00	+6.6953773E-01	-1.6182580E+02
+9.0946000E+00	+6.6973094E-01	-1.6402647E+02
+9.0988000E+00	+6.6992149E-01	-1.6622603E+02
+9.1030000E+00	+6.7010935E-01	-1.6842446E+02
+9.1072000E+00	+6.7029453E-01	-1.7062172E+02
+9.1114000E+00	+6.7047703E-01	-1.7281779E+02
+9.1156000E+00	+6.7065685E-01	-1.7501265E+02
+9.1198000E+00	+6.7083401E-01	-1.7720626E+02
+9.1240000E+00	+6.7100854E-01	-1.7939859E+02
+9.1282000E+00	+6.7118047E-01	+1.7841037E+02
+9.1324000E+00	+6.7134983E-01	+1.7622067E+02
+9.1366000E+00	+6.7151669E-01	+1.7403232E+02
+9.1408000E+00	+6.7168110E-01	+1.7184535E+02
+9.1450000E+00	+6.7184311E-01	+1.6965980E+02
+9.1492000E+00	+6.7200282E-01	+1.6747569E+02
+9.1534000E+00	+6.7216029E-01	+1.6529303E+02
+9.1576000E+00	+6.7231562E-01	+1.6311187E+02
+9.1618000E+00	+6.7246891E-01	+1.6093222E+02
+9.1660000E+00	+6.7262027E-01	+1.5875411E+02
+9.1702000E+00	+6.7276982E-01	+1.5657757E+02
+9.1744000E+00	+6.7291768E-01	+1.5440260E+02
+9.1786000E+00	+6.7306399E-01	+1.5222925E+02
+9.1828000E+00	+6.7320888E-01	+1.5005752E+02
+9.1870000E+00	+6.7335251E-01	+1.4788745E+02
+9.1912000E+00	+6.7349503E-01	+1.4571904E+02
+9.1954000E+00	+6.7363662E-01	+1.4355231E+02
+9.1996000E+00	+6.7377744E-01	+1.4138729E+02
+9.2038000E+00	+6.7391767E-01	+1.3922398E+02
+9.2080000E+00	+6.7405751E-01	+1.3706241E+02
+9.2122000E+00	+6.7419713E-01	+1.3490258E+02
+9.2164000E+00	+6.7433675E-01	+1.3274450E+02
+9.2206000E+00	+6.7447656E-01	+1.3058819E+02
+9.2248000E+00	+6.7461677E-01	+1.2843366E+02
+9.2290000E+00	+6.7475761E-01	+1.2628090E+02
+9.2332000E+00	+6.7489928E-01	+1.2412993E+02
+9.2374000E+00	+6.7504201E-01	+1.2198075E+02
+9.2416000E+00	+6.7518602E-01	+1.1983336E+02
+9.2458000E+00	+6.7533155E-01	+1.1768776E+02
+9.2500000E+00	+6.7547881E-01	+1.1554396E+02
+9.2542000E+00	+6.7562804E-01	+1.1340194E+02
+9.2584000E+00	+6.7577948E-01	+1.1126170E+02
+9.2626000E+00	+6.7593334E-01	+1.0912323E+02
+9.2668000E+00	+6.7608987E-01	+1.0698653E+02
+9.2710000E+00	+6.7624929E-01	+1.0485159E+02
+9.2752000E+00	+6.7641182E-01	+1.0271840E+02
+9.2794000E+00	+6.7657770E-01	+1.0058693E+02
+9.2836000E+00	+6.7674714E-01	+9.8457174E+01
+9.2878000E+00	+6.7692035E-01	+9.6329118E+01
+9.2920000E+00	+6.7709754E-01	+9.4202739E+01
+9.2962000E+00	+6.7727893E-01	+9.2078017E+01
+9.3004000E+00	+6.7746470E-01	+8.9954929E+01
+9.3046000E+00	+6.7765505E-01	+8.7833450E+01
+9.3088000E+00	+6.7785015E-01	+8.5713556E+01
+9.3130000E+00	+6.7805018E-01	+8.3595217E+01
+9.3172000E+00	+6.7825530E-01	+8.1478405E+01
+9.3214000E+00	+6.7846566E-01	+7.9363090E+01
+9.3256000E+00	+6.7868140E-01	+7.7249239E+01
+9.3298000E+00	+6.7890265E-01	+7.5136819E+01
+9.3340000E+00	+6.7912952E-01	+7.3025796E+01
+9.3382000E+00	+6.7936210E-01	+7.0916133E+01
+9.3424000E+00	+6.7960050E-01	+6.8807793E+01
+9.3466000E+00	+6.7984477E-01	+6.6700739E+01
+9.3508000E+00	+6.8009497E-01	+6.4594931E+01
+9.3550000E+00	+6.8035115E-01	+6.2490330E+01
+9.3592000E+00	+6.8061332E-01	+6.0386894E+01
+9.3634000E+00	+6.8088148E-01	+5.8284582E+01
+9.3676000E+00	+6.8115564E-01	+5.6183352E+01
+9.3718000E+00	+6.8143574E-01	+5.4083163E+01
+9.3760000E+00	+6.8172175E-01	+5.1983970E+01
+9.3802000E+00	+6.8201360E-01	+4.9885731E+01
+9.3844000E+00	+6.8231121E-01	+4.7788403E+01
+9.3886000E+00	+6.8261445E-01	+4.5691943E+01
+9.3928000E+00	+6.8292322E-01	+4.3596307E+01
+9.3970000E+00	+6.8323736E-01	+4.1501454E+01
+9.4012000E+00	+6.8355672E-01	+3.9407340E+01
+9.4054000E+00	+6.8388111E-01	+3.7313923E+01
+9.4096000E+00	+6.8421033E-01	+3.5221163E+01
+9.4138000E+00	+6.8454417E-01	+3.3129018E+01
+9.4180000E+00	+6.8488239E-01	+3.1037449E+01
+9.4222000E+00	+6.8522473E-01	+2.8946418E+01
+9.4264000E+00	+6.8557093E-01	+2.6855886E+01
+9.4306000E+00	+6.8592070E-01	+2.4765817E+01
+9.4348000E+00	+6.8627374E-01	+2.2676177E+01
+9.4390000E+00	+6.8662973E-01	+2.0586930E+01
+9.4432000E+00	+6.8698836E-01	+1.8498046E+01
+9.4474000E+00	+6.8734926E-01	+1.6409494E+01
+9.4516000E+00	+6.8771210E-01	+1.4321245E+01
+9.4558000E+00	+6.8807651E-01	+1.2233271E+01
+9.4600000E+00	+6.8844212E-01	+1.0145548E+01
+9.4642000E+00	+6.8880854E-01	+8.0580526E+00
+9.4684000E+00	+6.8917540E-01	+5.9707635E+00
+9.4726000E+00	+6.8954230E-01	+3.8836615E+00
+9.4768000E+00	+6.8990885E-01	+1.7967296E+00
+9.4810000E+00	+6.9027464E-01	-2.9004704E-01
+9.4852000E+00	+6.9063929E-01	-2.3766812E+00
+9.4894000E+00	+6.9100240E-01	-4.4631834E+00
+9.4936000E+00	+6.9136356E-01	-6.5495620E+00
+9.4978000E+00	+6.9172240E-01	-8.6358232E+00
+9.5020000E+00	+6.9207852E-01	-1.0721971E+01
+9.5062000E+00	+6.9243154E-01	-1.2808007E+01
+9.5104000E+00	+6.9278111E-01	-1.4893931E+01
+9.5146000E+00	+6.9312684E-01	-1.6979741E+01
+9.5188000E+00	+6.9346841E-01	-1.9065433E+01
+9.5230000E+00	+6.9380546E-01	-2.1150999E+01
+9.5272000E+00	+6.9413768E-01	-2.3236431E+01
+9.5314000E+00	+6.9446476E-01	-2.5321720E+01
+9.5356000E+00	+6.9478640E-01	-2.7406854E+01
+9.5398000E+00	+6.9510234E-01	-2.9491818E+01
+9.5440000E+00	+6.9541230E-01	-3.1576598E+01
+9.5482000E+00	+6.9571607E-01	-3.3661177E+01
+9.5524000E+00	+6.9601341E-01	-3.5745537E+01
+9.5566000E+00	+6.9630414E-01	-3.7829658E+01
+9.5608000E+00	+6.9658808E-01	-3.9913521E+01
+9.5650000E+00	+6.9686506E-01	-4.1997103E+01
+9.5692000E+00	+6.9713497E-01	-4.4080382E+01
+9.5734000E+00	+6.9739769E-01	-4.6163335E+01
+9.5776000E+00	+6.9765313E-01	-4.8245938E+01
+9.5818000E+00	+6.9790123E-01	-5.0328166E+01
+9.5860000E+00	+6.9814195E-01	-5.2409995E+01
+9.5902000E+00	+6.9837526E-01	-5.4491399E+01
+9.5944000E+00	+6.9860117E-01	-5.6572353E+01
+9.5986000E+00	+6.9881971E-01	-5.8652830E+01
+9.6028000E+00	+6.9903092E-01	-6.0732807E+01
+9.6070000E+00	+6.9923486E-01	-6.2812256E+01
+9.6112000E+00	+6.9943162E-01	-6.4891153E+01
+9.6154000E+00	+6.9962131E-01	-6.6969473E+01
+9.6196000E+00	+6.9980405E-01	-6.9047191E+01
+9.6238000E+00	+6.9997999E-01	-7.1124283E+01
+9.6280000E+00	+7.0014927E-01	-7.3200727E+01
+9.6322000E+00	+7.0031208E-01	-7.5276499E+01
+9.6364000E+00	+7.0046861E-01	-7.7351577E+01
+9.6406000E+00	+7.0061905E-01	-7.9425940E+01
+9.6448000E+00	+7.0076364E-01	-8.1499568E+01
+9.6490000E+00	+7.0090258E-01	-8.3572441E+01
+9.6532000E+00	+7.0103613E-01	-8.5644541E+01
+9.6574000E+00	+7.0116453E-01	-8.7715851E+01
+9.6616000E+00	+7.0128803E-01	-8.9786353E+01
+9.6658000E+00	+7.0140690E-01	-9.1856033E+01
+9.6700000E+00	+7.0152141E-01	-9.3924876E+01
+9.6742000E+00	+7.0163184E-01	-9.5992869E+01
+9.6784000E+00	+7.0173846E-01	-9.8060000E+01
+9.6826000E+00	+7.0184155E-01	-1.0012626E+02
+9.6868000E+00	+7.0194140E-01	-1.0219163E+02
+9.6910000E+00	+7.0203829E-01	-1.0425612E+02
+9.6952000E+00	+7.0213250E-01	-1.0631970E+02
+9.6994000E+00	+7.0222432E-01	-1.0838238E+02
+9.7036000E+00	+7.0231403E-01	-1.1044415E+02
+9.7078000E+00	+7.0240190E-01	-1.1250500E+02
+9.7120000E+00	+7.0248820E-01	-1.1456494E+02
+9.7162000E+00	+7.0257322E-01	-1.1662395E+02
+9.7204000E+00	+7.0265720E-01	-1.1868204E+02
+9.7246000E+00	+7.0274041E-01	-1.2073921E+02
+9.7288000E+00	+7.0282310E-01	-1.2279545E+02
+9.7330000E+00	+7.0290552E-01	-1.2485077E+02
+9.7372000E+00	+7.0298789E-01	-1.2690518E+02
+9.7414000E+00	+7.0307046E-01	-1.2895866E+02
+9.7456000E+00	+7.0315343E-01	-1.3101124E+02
+9.7498000E+00	+7.0323703E-01	-1.3306290E+02
+9.7540000E+00	+7.0332145E-01	-1.3511367E+02
+9.7582000E+00	+7.0340688E-01	-1.3716353E+02
+9.7624000E+00	+7.0349351E-01	-1.3921250E+02
+9.7666000E+00	+7.0358151E-01	-1.4126059E+02
+9.7708000E+00	+7.0367105E-01	-1.4330780E+02
+9.7750000E+00	+7.0376227E-01	-1.4535414E+02
+9.7792000E+00	+7.0385532E-01	-1.4739962E+02
+9.7834000E+00	+7.0395032E-01	-1.4944424E+02
+9.7876000E+00	+7.0404741E-01	-1.5148802E+02
+9.7918000E+00	+7.0414669E-01	-1.5353096E+02
+9.7960000E+00	+7.0424827E-01	-1.5557308E+02
+9.8002000E+00	+7.0435222E-01	-1.5761438E+02
+9.8044000E+00	+7.0445864E-01	-1.5965487E+02
+9.8086000E+00	+7.0456759E-01	-1.6169457E+02
+9.8128000E+00	+7.0467914E-01	-1.6373347E+02
+9.8170000E+00	+7.0479333E-01	-1.6577160E+02
+9.8212000E+00	+7.0491021E-01	-1.6780896E+02
+9.8254000E+00	+7.0502981E-01	-1.6984557E+02
+9.8296000E+00	+7.0515215E-01	-1.7188142E+02
+9.8338000E+00	+7.0527725E-01	-1.7391654E+02
+9.8380000E+00	+7.0540512E-01	-1.7595093E+02
+9.8422000E+00	+7.0553575E-01	-1.7798460E+02
+9.8464000E+00	+7.0566913E-01	+1.7998244E+02
+9.8506000E+00	+7.0580525E-01	+1.7795018E+02
+9.8548000E+00	+7.0594409E-01	+1.7591861E+02
+9.8590000E+00	+7.0608561E-01	+1.7388771E+02
+9.8632000E+00	+7.0622977E-01	+1.7185750E+02
+9.8674000E+00	+7.0637653E-01	+1.6982794E+02
+9.8716000E+00	+7.0652585E-01	+1.6779904E+02
+9.8758000E+00	+7.0667766E-01	+1.6577079E+02
+9.8800000E+00	+7.0683192E-01	+1.6374317E+02
+9.8842000E+00	+7.0698854E-01	+1.6171619E+02
+9.8884000E+00	+7.0714747E-01	+1.5968983E+02
+9.8926000E+00	+7.0730863E-01	+1.5766408E+02
+9.8968000E+00	+7.0747194E-01	+1.5563895E+02
+9.9010000E+00	+7.0763732E-01	+1.5361442E+02
+9.9052000E+00	+7.0780469E-01	+1.5159048E+02
+9.9094000E+00	+7.0797397E-01	+1.4956714E+02
+9.9136000E+00	+7.0814505E-01	+1.4754438E+02
+9.9178000E+00	+7.0831786E-01	+1.4552221E+02
+9.9220000E+00	+7.0849230E-01	+1.4350061E+02
+9.9262000E+00	+7.0866827E-01	+1.4147958E+02
+9.9304000E+00	+7.0884568E-01	+1.3945911E+02
+9.9346000E+00	+7.0902443E-01	+1.3743921E+02
+9.9388000E+00	+7.0920442E-01	+1.3541986E+02
+9.9430000E+00	+7.0938556E-01	+1.3340108E+02
+9.9472000E+00	+7.0956775E-01	+1.3138284E+02
+9.9514000E+00	+7.0975089E-01	+1.2936515E+02
+9.9556000E+00	+7.0993488E-01	+1.2734801E+02
+9.9598000E+00	+7.1011964E-01	+1.2533142E+02
+9.9640000E+00	+7.1030505E-01	+1.2331537E+02
+9.9682000E+00	+7.1049103E-01	+1.2129985E+02
+9.9724000E+00	+7.1067749E-01	+1.1928488E+02
+9.9766000E+00	+7.1086433E-01	+1.1727045E+02
+9.9808000E+00	+7.1105146E-01	+1.1525656E+02
+9.9850000E+00	+7.1123879E-01	+1.1324320E+02
+9.9892000E+00	+7.1142625E-01	+1.1123038E+02
+9.9934000E+00	+7.1161375E-01	+1.0921810E+02
+9.9976000E+00	+7.1180119E-01	+1.0720635E+02
+1.0000000E+01	+7.1190826E-01	+1.0605702E+02
+1.0001800E+01	+7.1198852E-01	+1.0519514E+02
+1.0006000E+01	+7.1217565E-01	+1.0318447E+02
+1.0010200E+01	+7.1236251E-01	+1.0117434E+02
+1.0014400E+01	+7.1254903E-01	+9.9164752E+01
+1.0018600E+01	+7.1273514E-01	+9.7155703E+01
+1.0022800E+01	+7.1292077E-01	+9.5147197E+01
+1.0027000E+01	+7.1310588E-01	+9.3139235E+01
+1.0031200E+01	+7.1329040E-01	+9.1131818E+01
+1.0035400E+01	+7.1347428E-01	+8.9124950E+01
+1.0039600E+01	+7.1365747E-01	+8.7118632E+01
+1.0043800E+01	+7.1383992E-01	+8.5112865E+01
+1.0048000E+01	+7.1402159E-01	+8.3107652E+01
+1.0052200E+01	+7.1420244E-01	+8.1102996E+01
+1.0056400E+01	+7.1438243E-01	+7.9098898E+01
+1.0060600E+01	+7.1456154E-01	+7.7095362E+01
+1.0064800E+01	+7.1473973E-01	+7.5092390E+01
+1.0069000E+01	+7.1491698E-01	+7.3089984E+01
+1.0073200E+01	+7.1509327E-01	+7.1088147E+01
+1.0077400E+01	+7.1526858E-01	+6.9086883E+01
+1.0081600E+01	+7.1544289E-01	+6.7086193E+01
+1.0085800E+01	+7.1561620E-01	+6.5086081E+01
+1.0090000E+01	+7.1578850E-01	+6.3086550E+01
+1.0094200E+01	+7.1595978E-01	+6.1087602E+01
+1.0098400E+01	+7.1613004E-01	+5.9089240E+01
+1.0102600E+01	+7.1629930E-01	+5.7091467E+01
+1.0106800E+01	+7.1646754E-01	+5.5094287E+01
+1.0111000E+01	+7.1663479E-01	+5.3097701E+01
+1.0115200E+01	+7.1680106E-01	+5.1101713E+01
+1.0119400E+01	+7.1696636E-01	+4.9106325E+01
+1.0123600E+01	+7.1713070E-01	+4.7111541E+01
+1.0127800E+01	+7.1729412E-01	+4.5117362E+01
+1.0132000E+01	+7.1745663E-01	+4.3123792E+01
+1.0136200E+01	+7.1761826E-01	+4.1130833E+01
+1.0140400E+01	+7.1777905E-01	+3.9138488E+01
+1.0144600E+01	+7.1793901E-01	+3.7146758E+01
+1.0148800E+01	+7.1809820E-01	+3.5155647E+01
+1.0153000E+01	+7.1825663E-01	+3.3165157E+01
+1.0157200E+01	+7.1841436E-01	+3.1175289E+01
+1.0161400E+01	+7.1857141E-01	+2.9186047E+01
+1.0165600E+01	+7.1872784E-01	+2.7197431E+01
+1.0169800E+01	+7.1888368E-01	+2.5209444E+01
+1.0174000E+01	+7.1903899E-01	+2.3222088E+01
+1.0178200E+01	+7.1919381E-01	+2.1235363E+01
+1.0182400E+01	+7.1934818E-01	+1.9249273E+01
+1.0186600E+01	+7.1950216E-01	+1.7263817E+01
+1.0190800E+01	+7.1965579E-01	+1.5278998E+01
+1.0195000E+01	+7.1980913E-01	+1.3294816E+01
+1.0199200E+01	+7.1996224E-01	+1.1311273E+01
+1.0203400E+01	+7.2011515E-01	+9.3283697E+00
+1.0207600E+01	+7.2026794E-01	+7.3461062E+00
+1.0211800E+01	+7.2042064E-01	+5.3644836E+00
+1.0216000E+01	+7.2057333E-01	+3.3835022E+00
+1.0220200E+01	+7.2072604E-01	+1.4031625E+00
+1.0224400E+01	+7.2087884E-01	-5.7653541E-01
+1.0228600E+01	+7.2103178E-01	-2.5555914E+00
+1.0232800E+01	+7.2118491E-01	-4.5340057E+00
+1.0237000E+01	+7.2133830E-01	-6.5117784E+00
+1.0241200E+01	+7.2149199E-01	-8.4889099E+00
+1.0245400E+01	+7.2164603E-01	-1.0465401E+01
+1.0249600E+01	+7.2180049E-01	-1.2441252E+01
+1.0253800E+01	+7.2195542E-01	-1.4416464E+01
+1.0258000E+01	+7.2211086E-01	-1.6391037E+01
+1.0262200E+01	+7.2226687E-01	-1.8364974E+01
+1.0266400E+01	+7.2242349E-01	-2.0338275E+01
+1.0270600E+01	+7.2258079E-01	-2.2310941E+01
+1.0274800E+01	+7.2273880E-01	-2.4282974E+01
+1.0279000E+01	+7.2289757E-01	-2.6254377E+01
+1.0283200E+01	+7.2305714E-01	-2.8225149E+01
+1.0287400E+01	+7.2321758E-01	-3.0195295E+01
+1.0291600E+01	+7.2337890E-01	-3.2164815E+01
+1.0295800E+01	+7.2354116E-01	-3.4133712E+01
+1.0300000E+01	+7.2370440E-01	-3.6101988E+01
+1.0304200E+01	+7.2386866E-01	-3.8069645E+01
+1.0308400E+01	+7.2403396E-01	-4.0036687E+01
+1.0312600E+01	+7.2420035E-01	-4.2003116E+01
+1.0316800E+01	+7.2436786E-01	-4.3968935E+01
+1.0321000E+01	+7.2453652E-01	-4.5934146E+01
+1.0325200E+01	+7.2470636E-01	-4.7898754E+01
+1.0329400E+01	+7.2487741E-01	-4.9862760E+01
+1.0333600E+01	+7.2504969E-01	-5.1826169E+01
+1.0337800E+01	+7.2522323E-01	-5.3788983E+01
+1.0342000E+01	+7.2539805E-01	-5.5751207E+01
+1.0346200E+01	+7.2557417E-01	-5.7712844E+01
+1.0350400E+01	+7.2575160E-01	-5.9673897E+01
+1.0354600E+01	+7.2593037E-01	-6.1634370E+01
+1.0358800E+01	+7.2611048E-01	-6.3594267E+01
+1.0363000E+01	+7.2629194E-01	-6.5553593E+01
+1.0367200E+01	+7.2647477E-01	-6.7512351E+01
+1.0371400E+01	+7.2665898E-01	-6.9470545E+01
+1.0375600E+01	+7.2684457E-01	-7.1428179E+01
+1.0379800E+01	+7.2703153E-01	-7.3385258E+01
+1.0384000E+01	+7.2721988E-01	-7.5341786E+01
+1.0388200E+01	+7.2740961E-01	-7.7297767E+01
+1.0392400E+01	+7.2760073E-01	-7.9253206E+01
+1.0396600E+01	+7.2779321E-01	-8.1208107E+01
+1.0400800E+01	+7.2798706E-01	-8.3162474E+01
+1.0405000E+01	+7.2818227E-01	-8.5116313E+01
+1.0409200E+01	+7.2837883E-01	-8.7069628E+01
+1.0413400E+01	+7.2857673E-01	-8.9022422E+01
+1.0417600E+01	+7.2877594E-01	-9.0974702E+01
+1.0421800E+01	+7.2897646E-01	-9.2926472E+01
+1.0426000E+01	+7.2917826E-01	-9.4877735E+01
+1.0430200E+01	+7.2938133E-01	-9.6828498E+01
+1.0434400E+01	+7.2958564E-01	-9.8778764E+01
+1.0438600E+01	+7.2979117E-01	-1.0072854E+02
+1.0442800E+01	+7.2999789E-01	-1.0267783E+02
+1.0447000E+01	+7.3020578E-01	-1.0462663E+02
+1.0451200E+01	+7.3041481E-01	-1.0657496E+02
+1.0455400E+01	+7.3062495E-01	-1.0852281E+02
+1.0459600E+01	+7.3083617E-01	-1.1047020E+02
+1.0463800E+01	+7.3104844E-01	-1.1241712E+02
+1.0468000E+01	+7.3126172E-01	-1.1436359E+02
+1.0472200E+01	+7.3147597E-01	-1.1630960E+02
+1.0476400E+01	+7.3169116E-01	-1.1825515E+02
+1.0480600E+01	+7.3190726E-01	-1.2020027E+02
+1.0484800E+01	+7.3212422E-01	-1.2214494E+02
+1.0489000E+01	+7.3234201E-01	-1.2408918E+02
+1.0493200E+01	+7.3256057E-01	-1.2603298E+02
+1.0497400E+01	+7.3277989E-01	-1.2797635E+02
+1.0501600E+01	+7.3299989E-01	-1.2991930E+02
+1.0505800E+01	+7.3322056E-01	-1.3186183E+02
+1.0510000E+01	+7.3344184E-01	-1.3380395E+02
+1.0514200E+01	+7.3366368E-01	-1.3574565E+02
+1.0518400E+01	+7.3388605E-01	-1.3768695E+02
+1.0522600E+01	+7.3410890E-01	-1.3962784E+02
+1.0526800E+01	+7.3433217E-01	-1.4156833E+02
+1.0531000E+01	+7.3455583E-01	-1.4350843E+02
+1.0535200E+01	+7.3477983E-01	-1.4544813E+02
+1.0539400E+01	+7.3500411E-01	-1.4738744E+02
+1.0543600E+01	+7.3522864E-01	-1.4932636E+02
+1.0547800E+01	+7.3545337E-01	-1.5126491E+02
+1.0552000E+01	+7.3567824E-01	-1.5320307E+02
+1.0556200E+01	+7.3590321E-01	-1.5514086E+02
+1.0560400E+01	+7.3612824E-01	-1.5707827E+02
+1.0564600E+01	+7.3635327E-01	-1.5901531E+02
+1.0568800E+01	+7.3657825E-01	-1.6095199E+02
+1.0573000E+01	+7.3680315E-01	-1.6288830E+02
+1.0577200E+01	+7.3702791E-01	-1.6482424E+02
+1.0581400E+01	+7.3725249E-01	-1.6675983E+02
+1.0585600E+01	+7.3747684E-01	-1.6869506E+02
+1.0589800E+01	+7.3770092E-01	-1.7062993E+02
+1.0594000E+01	+7.3792468E-01	-1.7256445E+02
+1.0598200E+01	+7.3814807E-01	-1.7449862E+02
+1.0602400E+01	+7.3837106E-01	-1.7643243E+02
+1.0606600E+01	+7.3859360E-01	-1.7836590E+02
+1.0610800E+01	+7.3881564E-01	+1.7970098E+02
+1.0615000E+01	+7.3903715E-01	+1.7776820E+02
+1.0619200E+01	+7.3925808E-01	+1.7583577E+02
+1.0623400E+01	+7.3947840E-01	+1.7390368E+02
+1.0627600E+01	+7.3969806E-01	+1.7197193E+02
+1.0631800E+01	+7.3991703E-01	+1.7004052E+02
+1.0636000E+01	+7.4013527E-01	+1.6810946E+02
+1.0640200E+01	+7.4035274E-01	+1.6617873E+02
+1.0644400E+01	+7.4056940E-01	+1.6424834E+02
+1.0648600E+01	+7.4078523E-01	+1.6231829E+02
+1.0652800E+01	+7.4100019E-01	+1.6038858E+02
+1.0657000E+01	+7.4121425E-01	+1.5845921E+02
+1.0661200E+01	+7.4142737E-01	+1.5653018E+02
+1.0665400E+01	+7.4163954E-01	+1.5460148E+02
+1.0669600E+01	+7.4185070E-01	+1.5267312E+02
+1.0673800E+01	+7.4206085E-01	+1.5074510E+02
+1.0678000E+01	+7.4226996E-01	+1.4881742E+02
+1.0682200E+01	+7.4247799E-01	+1.4689008E+02
+1.0686400E+01	+7.4268493E-01	+1.4496308E+02
+1.0690600E+01	+7.4289076E-01	+1.4303642E+02
+1.0694800E+01	+7.4309544E-01	+1.4111011E+02
+1.0699000E+01	+7.4329897E-01	+1.3918413E+02
+1.0703200E+01	+7.4350133E-01	+1.3725851E+02
+1.0707400E+01	+7.4370249E-01	+1.3533322E+02
+1.0711600E+01	+7.4390244E-01	+1.3340829E+02
+1.0715800E+01	+7.4410117E-01	+1.3148370E+02
+1.0720000E+01	+7.4429866E-01	+1.2955946E+02
+1.0724200E+01	+7.4449490E-01	+1.2763558E+02
+1.0728400E+01	+7.4468988E-01	+1.2571205E+02
+1.0732600E+01	+7.4488360E-01	+1.2378887E+02
+1.0736800E+01	+7.4507604E-01	+1.2186605E+02
+1.0741000E+01	+7.4526719E-01	+1.1994359E+02
+1.0745200E+01	+7.4545706E-01	+1.1802149E+02
+1.0749400E+01	+7.4564564E-01	+1.1609976E+02
+1.0753600E+01	+7.4583291E-01	+1.1417839E+02
+1.0757800E+01	+7.4601890E-01	+1.1225739E+02
+1.0762000E+01	+7.4620358E-01	+1.1033676E+02
+1.0766200E+01	+7.4638697E-01	+1.0841650E+02
+1.0770400E+01	+7.4656906E-01	+1.0649661E+02
+1.0774600E+01	+7.4674986E-01	+1.0457711E+02
+1.0778800E+01	+7.4692938E-01	+1.0265798E+02
+1.0783000E+01	+7.4710761E-01	+1.0073924E+02
+1.0787200E+01	+7.4728457E-01	+9.8820886E+01
+1.0791400E+01	+7.4746026E-01	+9.6902918E+01
+1.0795600E+01	+7.4763470E-01	+9.4985341E+01
+1.0799800E+01	+7.4780789E-01	+9.3068159E+01
+1.0804000E+01	+7.4797984E-01	+9.1151372E+01
+1.0808200E+01	+7.4815056E-01	+8.9234986E+01
+1.0812400E+01	+7.4832008E-01	+8.7319002E+01
+1.0816600E+01	+7.4848839E-01	+8.5403423E+01
+1.0820800E+01	+7.4865552E-01	+8.3488252E+01
+1.0825000E+01	+7.4882149E-01	+8.1573492E+01
+1.0829200E+01	+7.4898630E-01	+7.9659145E+01
+1.0833400E+01	+7.4914998E-01	+7.7745216E+01
+1.0837600E+01	+7.4931255E-01	+7.5831706E+01
+1.0841800E+01	+7.4947402E-01	+7.3918618E+01
+1.0846000E+01	+7.4963442E-01	+7.2005956E+01
+1.0850200E+01	+7.4979375E-01	+7.0093721E+01
+1.0854400E+01	+7.4995206E-01	+6.8181917E+01
+1.0858600E+01	+7.5010935E-01	+6.6270547E+01
+1.0862800E+01	+7.5026565E-01	+6.4359613E+01
+1.0867000E+01	+7.5042099E-01	+6.2449117E+01
+1.0871200E+01	+7.5057538E-01	+6.0539063E+01
+1.0875400E+01	+7.5072885E-01	+5.8629454E+01
+1.0879600E+01	+7.5088143E-01	+5.6720290E+01
+1.0883800E+01	+7.5103314E-01	+5.4811576E+01
+1.0888000E+01	+7.5118400E-01	+5.2903314E+01
+1.0892200E+01	+7.5133405E-01	+5.0995506E+01
+1.0896400E+01	+7.5148330E-01	+4.9088153E+01
+1.0900600E+01	+7.5163180E-01	+4.7181260E+01
+1.0904800E+01	+7.5177955E-01	+4.5274827E+01
+1.0909000E+01	+7.5192659E-01	+4.3368856E+01
+1.0913200E+01	+7.5207295E-01	+4.1463351E+01
+1.0917400E+01	+7.5221866E-01	+3.9558312E+01
+1.0921600E+01	+7.5236374E-01	+3.7653742E+01
+1.0925800E+01	+7.5250822E-01	+3.5749643E+01
+1.0930000E+01	+7.5265213E-01	+3.3846015E+01
+1.0934200E+01	+7.5279550E-01	+3.1942862E+01
+1.0938400E+01	+7.5293836E-01	+3.0040184E+01
+1.0942600E+01	+7.5308073E-01	+2.8137982E+01
+1.0946800E+01	+7.5322264E-01	+2.6236259E+01
+1.0951000E+01	+7.5336413E-01	+2.4335015E+01
+1.0955200E+01	+7.5350522E-01	+2.2434251E+01
+1.0959400E+01	+7.5364595E-01	+2.0533969E+01
+1.0963600E+01	+7.5378633E-01	+1.8634169E+01
+1.0967800E+01	+7.5392640E-01	+1.6734853E+01
+1.0972000E+01	+7.5406618E-01	+1.4836020E+01
+1.0976200E+01	+7.5420571E-01	+1.2937672E+01
+1.0980400E+01	+7.5434502E-01	+1.1039810E+01
+1.0984600E+01	+7.5448412E-01	+9.1424324E+00
+1.0988800E+01	+7.5462306E-01	+7.2455411E+00
+1.0993000E+01	+7.5476185E-01	+5.3491357E+00
+1.0997200E+01	+7.5490052E-01	+3.4532163E+00
+1.1001400E+01	+7.5503911E-01	+1.5577830E+00
+1.1005600E+01	+7.5517763E-01	-3.3716446E-01
+1.1009800E+01	+7.5531612E-01	-2.2316263E+00
+1.1014000E+01	+7.5545460E-01	-4.1256030E+00
+1.1018200E+01	+7.5559309E-01	-6.0190950E+00
+1.1022400E+01	+7.5573163E-01	-7.9121028E+00
+1.1026600E+01	+7.5587024E-01	-9.8046273E+00
+1.1030800E+01	+7.5600893E-01	-1.1696669E+01
+1.1035000E+01	+7.5614774E-01	-1.3588230E+01
+1.1039200E+01	+7.5628669E-01	-1.5479309E+01
+1.1043400E+01	+7.5642580E-01	-1.7369910E+01
+1.1047600E+01	+7.5656510E-01	-1.9260032E+01
+1.1051800E+01	+7.5670460E-01	-2.1149678E+01
+1.1056000E+01	+7.5684432E-01	-2.3038849E+01
+1.1060200E+01	+7.5698429E-01	-2.4927546E+01
+1.1064400E+01	+7.5712453E-01	-2.6815771E+01
+1.1068600E+01	+7.5726504E-01	-2.8703526E+01
+1.1072800E+01	+7.5740586E-01	-3.0590813E+01
+1.1077000E+01	+7.5754699E-01	-3.2477634E+01
+1.1081200E+01	+7.5768844E-01	-3.4363992E+01
+1.1085400E+01	+7.5783023E-01	-3.6249888E+01
+1.1089600E+01	+7.5797237E-01	-3.8135325E+01
+1.1093800E+01	+7.5811486E-01	-4.0020305E+01
+1.1098000E+01	+7.5825771E-01	-4.1904831E+01
+1.1102200E+01	+7.5840092E-01	-4.3788907E+01
+1.1106400E+01	+7.5854449E-01	-4.5672535E+01
+1.1110600E+01	+7.5868840E-01	-4.7555718E+01
+1.1114800E+01	+7.5883265E-01	-4.9438460E+01
+1.1119000E+01	+7.5897720E-01	-5.1320765E+01
+1.1123200E+01	+7.5912202E-01	-5.3202636E+01
+1.1127400E+01	+7.5926708E-01	-5.5084079E+01
+1.1131600E+01	+7.5941231E-01	-5.6965100E+01
+1.1135800E+01	+7.5955763E-01	-5.8845704E+01
+1.1140000E+01	+7.5970293E-01	-6.0725900E+01
+1.1144200E+01	+7.5984807E-01	-6.2605698E+01
+1.1148400E+01	+7.5999285E-01	-6.4485112E+01
+1.1152600E+01	+7.6013702E-01	-6.6364161E+01
+1.1156800E+01	+7.6028025E-01	-6.8242874E+01
+1.1161000E+01	+7.6042209E-01	-7.0121294E+01
+1.1165200E+01	+7.6056195E-01	-7.1999491E+01
+1.1169400E+01	+7.6069917E-01	-7.3877583E+01
+1.1173600E+01	+7.6083313E-01	-7.5755772E+01
+1.1177800E+01	+7.6096402E-01	-7.7634419E+01
+1.1182000E+01	+7.6109522E-01	-7.9514136E+01
+1.1186200E+01	+7.6123998E-01	-8.1395724E+01
+1.1190400E+01	+7.6143155E-01	-8.3279116E+01
+1.1194600E+01	+7.6170304E-01	-8.5160593E+01
+1.1198800E+01	+7.6200811E-01	-8.7034842E+01
+1.1200000E+01	+7.6208793E-01	-8.7569091E+01
+1.1203000E+01	+7.6226332E-01	-8.8903608E+01
+1.1207200E+01	+7.6246173E-01	-9.0771638E+01
+1.1211400E+01	+7.6263124E-01	-9.2640680E+01
+1.1215600E+01	+7.6279045E-01	-9.4510677E+01
+1.1219800E+01	+7.6294744E-01	-9.6381248E+01
+1.1224000E+01	+7.6310525E-01	-9.8252083E+01
+1.1228200E+01	+7.6326491E-01	-1.0012298E+02
+1.1232400E+01	+7.6342666E-01	-1.0199381E+02
+1.1236600E+01	+7.6359051E-01	-1.0386449E+02
+1.1240800E+01	+7.6375635E-01	-1.0573498E+02
+1.1245000E+01	+7.6392405E-01	-1.0760523E+02
+1.1249200E+01	+7.6409349E-01	-1.0947523E+02
+1.1253400E+01	+7.6426458E-01	-1.1134495E+02
+1.1257600E+01	+7.6443724E-01	-1.1321441E+02
+1.1261800E+01	+7.6461138E-01	-1.1508357E+02
+1.1266000E+01	+7.6478696E-01	-1.1695245E+02
+1.1270200E+01	+7.6496391E-01	-1.1882105E+02
+1.1274400E+01	+7.6514221E-01	-1.2068935E+02
+1.1278600E+01	+7.6532181E-01	-1.2255736E+02
+1.1282800E+01	+7.6550268E-01	-1.2442509E+02
+1.1287000E+01	+7.6568481E-01	-1.2629253E+02
+1.1291200E+01	+7.6586817E-01	-1.2815969E+02
+1.1295400E+01	+7.6605274E-01	-1.3002656E+02
+1.1299600E+01	+7.6623850E-01	-1.3189315E+02
+1.1303800E+01	+7.6642544E-01	-1.3375946E+02
+1.1308000E+01	+7.6661354E-01	-1.3562550E+02
+1.1312200E+01	+7.6680279E-01	-1.3749127E+02
+1.1316400E+01	+7.6699317E-01	-1.3935676E+02
+1.1320600E+01	+7.6718468E-01	-1.4122198E+02
+1.1324800E+01	+7.6737730E-01	-1.4308694E+02
+1.1329000E+01	+7.6757101E-01	-1.4495164E+02
+1.1333200E+01	+7.6776582E-01	-1.4681607E+02
+1.1337400E+01	+7.6796170E-01	-1.4868025E+02
+1.1341600E+01	+7.6815864E-01	-1.5054417E+02
+1.1345800E+01	+7.6835663E-01	-1.5240784E+02
+1.1350000E+01	+7.6855566E-01	-1.5427126E+02
+1.1354200E+01	+7.6875571E-01	-1.5613443E+02
+1.1358400E+01	+7.6895677E-01	-1.5799735E+02
+1.1362600E+01	+7.6915883E-01	-1.5986003E+02
+1.1366800E+01	+7.6936187E-01	-1.6172247E+02
+1.1371000E+01	+7.6956587E-01	-1.6358466E+02
+1.1375200E+01	+7.6977082E-01	-1.6544662E+02
+1.1379400E+01	+7.6997670E-01	-1.6730834E+02
+1.1383600E+01	+7.7018350E-01	-1.6916983E+02
+1.1387800E+01	+7.7039120E-01	-1.7103109E+02
+1.1392000E+01	+7.7059978E-01	-1.7289212E+02
+1.1396200E+01	+7.7080922E-01	-1.7475292E+02
+1.1400400E+01	+7.7101951E-01	-1.7661349E+02
+1.1404600E+01	+7.7123061E-01	-1.7847383E+02
+1.1408800E+01	+7.7144252E-01	+1.7966605E+02
+1.1413000E+01	+7.7165520E-01	+1.7780615E+02
+1.1417200E+01	+7.7186864E-01	+1.7594647E+02
+1.1421400E+01	+7.7208282E-01	+1.7408701E+02
+1.1425600E+01	+7.7229771E-01	+1.7222778E+02
+1.1429800E+01	+7.7251329E-01	+1.7036876E+02
+1.1434000E+01	+7.7272953E-01	+1.6850995E+02
+1.1438200E+01	+7.7294640E-01	+1.6665137E+02
+1.1442400E+01	+7.7316389E-01	+1.6479300E+02
+1.1446600E+01	+7.7338196E-01	+1.6293484E+02
+1.1450800E+01	+7.7360059E-01	+1.6107690E+02
+1.1455000E+01	+7.7381975E-01	+1.5921917E+02
+1.1459200E+01	+7.7403940E-01	+1.5736165E+02
+1.1463400E+01	+7.7425954E-01	+1.5550434E+02
+1.1467600E+01	+7.7448011E-01	+1.5364725E+02
+1.1471800E+01	+7.7470109E-01	+1.5179037E+02
+1.1476000E+01	+7.7492246E-01	+1.4993370E+02
+1.1480200E+01	+7.7514418E-01	+1.4807724E+02
+1.1484400E+01	+7.7536621E-01	+1.4622099E+02
+1.1488600E+01	+7.7558853E-01	+1.4436496E+02
+1.1492800E+01	+7.7581111E-01	+1.4250913E+02
+1.1497000E+01	+7.7603391E-01	+1.4065352E+02
+1.1501200E+01	+7.7625689E-01	+1.3879812E+02
+1.1505400E+01	+7.7648003E-01	+1.3694292E+02
+1.1509600E+01	+7.7670328E-01	+1.3508795E+02
+1.1513800E+01	+7.7692663E-01	+1.3323318E+02
+1.1518000E+01	+7.7715002E-01	+1.3137862E+02
+1.1522200E+01	+7.7737342E-01	+1.2952428E+02
+1.1526400E+01	+7.7759681E-01	+1.2767016E+02
+1.1530600E+01	+7.7782013E-01	+1.2581625E+02
+1.1534800E+01	+7.7804337E-01	+1.2396255E+02
+1.1539000E+01	+7.7826648E-01	+1.2210907E+02
+1.1543200E+01	+7.7848942E-01	+1.2025580E+02
+1.1547400E+01	+7.7871216E-01	+1.1840276E+02
+1.1551600E+01	+7.7893466E-01	+1.1654993E+02
+1.1555800E+01	+7.7915689E-01	+1.1469732E+02
+1.1560000E+01	+7.7937881E-01	+1.1284493E+02
+1.1564200E+01	+7.7960039E-01	+1.1099277E+02
+1.1568400E+01	+7.7982158E-01	+1.0914082E+02
+1.1572600E+01	+7.8004235E-01	+1.0728911E+02
+1.1576800E+01	+7.8026267E-01	+1.0543761E+02
+1.1581000E+01	+7.8048250E-01	+1.0358634E+02
+1.1585200E+01	+7.8070180E-01	+1.0173531E+02
+1.1589400E+01	+7.8092054E-01	+9.9884495E+01
+1.1593600E+01	+7.8113868E-01	+9.8033916E+01
+1.1597800E+01	+7.8135619E-01	+9.6183569E+01
+1.1602000E+01	+7.8157303E-01	+9.4333455E+01
+1.1606200E+01	+7.8178917E-01	+9.2483577E+01
+1.1610400E+01	+7.8200458E-01	+9.0633936E+01
+1.1614600E+01	+7.8221922E-01	+8.8784533E+01
+1.1618800E+01	+7.8243306E-01	+8.6935371E+01
+1.1623000E+01	+7.8264606E-01	+8.5086450E+01
+1.1627200E+01	+7.8285820E-01	+8.3237773E+01
+1.1631400E+01	+7.8306945E-01	+8.1389341E+01
+1.1635600E+01	+7.8327977E-01	+7.9541156E+01
+1.1639800E+01	+7.8348914E-01	+7.7693221E+01
+1.1644000E+01	+7.8369751E-01	+7.5845537E+01
+1.1648200E+01	+7.8390488E-01	+7.3998105E+01
+1.1652400E+01	+7.8411121E-01	+7.2150928E+01
+1.1656600E+01	+7.8431646E-01	+7.0304008E+01
+1.1660800E+01	+7.8452063E-01	+6.8457347E+01
+1.1665000E+01	+7.8472367E-01	+6.6610947E+01
+1.1669200E+01	+7.8492557E-01	+6.4764810E+01
+1.1673400E+01	+7.8512631E-01	+6.2918938E+01
+1.1677600E+01	+7.8532585E-01	+6.1073333E+01
+1.1681800E+01	+7.8552419E-01	+5.9227997E+01
+1.1686000E+01	+7.8572129E-01	+5.7382933E+01
+1.1690200E+01	+7.8591715E-01	+5.5538142E+01
+1.1694400E+01	+7.8611173E-01	+5.3693628E+01
+1.1698600E+01	+7.8630504E-01	+5.1849391E+01
+1.1702800E+01	+7.8649703E-01	+5.0005434E+01
+1.1707000E+01	+7.8668772E-01	+4.8161761E+01
+1.1711200E+01	+7.8687707E-01	+4.6318372E+01
+1.1715400E+01	+7.8706507E-01	+4.4475270E+01
+1.1719600E+01	+7.8725172E-01	+4.2632457E+01
+1.1723800E+01	+7.8743701E-01	+4.0789937E+01
+1.1728000E+01	+7.8762092E-01	+3.8947710E+01
+1.1732200E+01	+7.8780345E-01	+3.7105780E+01
+1.1736400E+01	+7.8798458E-01	+3.5264148E+01
+1.1740600E+01	+7.8816432E-01	+3.3422818E+01
+1.1744800E+01	+7.8834266E-01	+3.1581791E+01
+1.1749000E+01	+7.8851960E-01	+2.9741070E+01
+1.1753200E+01	+7.8869513E-01	+2.7900657E+01
+1.1757400E+01	+7.8886925E-01	+2.6060555E+01
+1.1761600E+01	+7.8904196E-01	+2.4220766E+01
+1.1765800E+01	+7.8921328E-01	+2.2381292E+01
+1.1770000E+01	+7.8938319E-01	+2.0542136E+01
+1.1774200E+01	+7.8955170E-01	+1.8703300E+01
+1.1778400E+01	+7.8971882E-01	+1.6864786E+01
+1.1782600E+01	+7.8988455E-01	+1.5026597E+01
+1.1786800E+01	+7.9004890E-01	+1.3188735E+01
+1.1791000E+01	+7.9021189E-01	+1.1351202E+01
+1.1795200E+01	+7.9037352E-01	+9.5140013E+00
+1.1799400E+01	+7.9053380E-01	+7.6771344E+00
+1.1803600E+01	+7.9069274E-01	+5.8406038E+00
+1.1807800E+01	+7.9085036E-01	+4.0044117E+00
+1.1812000E+01	+7.9100667E-01	+2.1685604E+00
+1.1816200E+01	+7.9116169E-01	+3.3305203E-01
+1.1820400E+01	+7.9131544E-01	-1.5021112E+00
+1.1824600E+01	+7.9146793E-01	-3.3369272E+00
+1.1828800E+01	+7.9161918E-01	-5.1713938E+00
+1.1833000E+01	+7.9176921E-01	-7.0055088E+00
+1.1837200E+01	+7.9191804E-01	-8.8392704E+00
+1.1841400E+01	+7.9206570E-01	-1.0672676E+01
+1.1845600E+01	+7.9221220E-01	-1.2505725E+01
+1.1849800E+01	+7.9235757E-01	-1.4338414E+01
+1.1854000E+01	+7.9250184E-01	-1.6170742E+01
+1.1858200E+01	+7.9264503E-01	-1.8002707E+01
+1.1862400E+01	+7.9278716E-01	-1.9834307E+01
+1.1866600E+01	+7.9292827E-01	-2.1665540E+01
+1.1870800E+01	+7.9306837E-01	-2.3496405E+01
+1.1875000E+01	+7.9320750E-01	-2.5326900E+01
+1.1879200E+01	+7.9334569E-01	-2.7157024E+01
+1.1883400E+01	+7.9348296E-01	-2.8986775E+01
+1.1887600E+01	+7.9361935E-01	-3.0816152E+01
+1.1891800E+01	+7.9375488E-01	-3.2645154E+01
+1.1896000E+01	+7.9388959E-01	-3.4473778E+01
+1.1900200E+01	+7.9402351E-01	-3.6302025E+01
+1.1904400E+01	+7.9415667E-01	-3.8129893E+01
+1.1908600E+01	+7.9428910E-01	-3.9957381E+01
+1.1912800E+01	+7.9442083E-01	-4.1784488E+01
+1.1917000E+01	+7.9455190E-01	-4.3611214E+01
+1.1921200E+01	+7.9468234E-01	-4.5437557E+01
+1.1925400E+01	+7.9481219E-01	-4.7263517E+01
+1.1929600E+01	+7.9494147E-01	-4.9089094E+01
+1.1933800E+01	+7.9507022E-01	-5.0914287E+01
+1.1938000E+01	+7.9519847E-01	-5.2739096E+01
+1.1942200E+01	+7.9532627E-01	-5.4563521E+01
+1.1946400E+01	+7.9545363E-01	-5.6387561E+01
+1.1950600E+01	+7.9558060E-01	-5.8211217E+01
+1.1954800E+01	+7.9570720E-01	-6.0034489E+01
+1.1959000E+01	+7.9583348E-01	-6.1857377E+01
+1.1963200E+01	+7.9595947E-01	-6.3679882E+01
+1.1967400E+01	+7.9608519E-01	-6.5502004E+01
+1.1971600E+01	+7.9621069E-01	-6.7323744E+01
+1.1975800E+01	+7.9633599E-01	-6.9145102E+01
+1.1980000E+01	+7.9646114E-01	-7.0966081E+01
+1.1984200E+01	+7.9658615E-01	-7.2786680E+01
+1.1988400E+01	+7.9671107E-01	-7.4606901E+01
+1.1992600E+01	+7.9683592E-01	-7.6426745E+01
+1.1996800E+01	+7.9696074E-01	-7.8246214E+01
+1.2001000E+01	+7.9708556E-01	-8.0065310E+01
+1.2005200E+01	+7.9721041E-01	-8.1884034E+01
+1.2009400E+01	+7.9733532E-01	-8.3702388E+01
+1.2013600E+01	+7.9746032E-01	-8.5520375E+01
+1.2017800E+01	+7.9758544E-01	-8.7337997E+01
+1.2022000E+01	+7.9771072E-01	-8.9155255E+01
+1.2026200E+01	+7.9783617E-01	-9.0972154E+01
+1.2030400E+01	+7.9796184E-01	-9.2788694E+01
+1.2034600E+01	+7.9808774E-01	-9.4604880E+01
+1.2038800E+01	+7.9821391E-01	-9.6420714E+01
+1.2043000E+01	+7.9834038E-01	-9.8236199E+01
+1.2047200E+01	+7.9846717E-01	-1.0005134E+02
+1.2051400E+01	+7.9859430E-01	-1.0186614E+02
+1.2055600E+01	+7.9872182E-01	-1.0368060E+02
+1.2059800E+01	+7.9884973E-01	-1.0549472E+02
+1.2064000E+01	+7.9897807E-01	-1.0730852E+02
+1.2068200E+01	+7.9910687E-01	-1.0912199E+02
+1.2072400E+01	+7.9923615E-01	-1.1093513E+02
+1.2076600E+01	+7.9936593E-01	-1.1274796E+02
+1.2080800E+01	+7.9949625E-01	-1.1456047E+02
+1.2085000E+01	+7.9962712E-01	-1.1637268E+02
+1.2089200E+01	+7.9975857E-01	-1.1818458E+02
+1.2093400E+01	+7.9989063E-01	-1.1999618E+02
+1.2097600E+01	+8.0002332E-01	-1.2180748E+02
+1.2101800E+01	+8.0015666E-01	-1.2361850E+02
+1.2106000E+01	+8.0029068E-01	-1.2542923E+02
+1.2110200E+01	+8.0042541E-01	-1.2723968E+02
+1.2114400E+01	+8.0056087E-01	-1.2904986E+02
+1.2118600E+01	+8.0069708E-01	-1.3085976E+02
+1.2122800E+01	+8.0083407E-01	-1.3266941E+02
+1.2127000E+01	+8.0097187E-01	-1.3447879E+02
+1.2131200E+01	+8.0111051E-01	-1.3628793E+02
+1.2135400E+01	+8.0125000E-01	-1.3809681E+02
+1.2139600E+01	+8.0139037E-01	-1.3990546E+02
+1.2143800E+01	+8.0153166E-01	-1.4171387E+02
+1.2148000E+01	+8.0167390E-01	-1.4352204E+02
+1.2152200E+01	+8.0181710E-01	-1.4533000E+02
+1.2156400E+01	+8.0196130E-01	-1.4713773E+02
+1.2160600E+01	+8.0210654E-01	-1.4894526E+02
+1.2164800E+01	+8.0225284E-01	-1.5075257E+02
+1.2169000E+01	+8.0240023E-01	-1.5255968E+02
+1.2173200E+01	+8.0254876E-01	-1.5436660E+02
+1.2177400E+01	+8.0269844E-01	-1.5617332E+02
+1.2181600E+01	+8.0284933E-01	-1.5797986E+02
+1.2185800E+01	+8.0300146E-01	-1.5978622E+02
+1.2190000E+01	+8.0315486E-01	-1.6159240E+02
+1.2194200E+01	+8.0330958E-01	-1.6339841E+02
+1.2198400E+01	+8.0346566E-01	-1.6520425E+02
+1.2202600E+01	+8.0362314E-01	-1.6700993E+02
+1.2206800E+01	+8.0378207E-01	-1.6881546E+02
+1.2211000E+01	+8.0394250E-01	-1.7062083E+02
+1.2215200E+01	+8.0410448E-01	-1.7242605E+02
+1.2219400E+01	+8.0426805E-01	-1.7423113E+02
+1.2223600E+01	+8.0443328E-01	-1.7603606E+02
+1.2227800E+01	+8.0460021E-01	-1.7784086E+02
+1.2232000E+01	+8.0476892E-01	-1.7964552E+02
+1.2236200E+01	+8.0493945E-01	+1.7854996E+02
+1.2240400E+01	+8.0511187E-01	+1.7674556E+02
+1.2244600E+01	+8.0528625E-01	+1.7494130E+02
+1.2248800E+01	+8.0546265E-01	+1.7313717E+02
+1.2253000E+01	+8.0564115E-01	+1.7133316E+02
+1.2257200E+01	+8.0582183E-01	+1.6952928E+02
+1.2261400E+01	+8.0600475E-01	+1.6772553E+02
+1.2265600E+01	+8.0619001E-01	+1.6592191E+02
+1.2269800E+01	+8.0637768E-01	+1.6411842E+02
+1.2274000E+01	+8.0656784E-01	+1.6231506E+02
+1.2278200E+01	+8.0676060E-01	+1.6051183E+02
+1.2282400E+01	+8.0695604E-01	+1.5870874E+02
+1.2286600E+01	+8.0715427E-01	+1.5690578E+02
+1.2290800E+01	+8.0735537E-01	+1.5510297E+02
+1.2295000E+01	+8.0755945E-01	+1.5330031E+02
+1.2299200E+01	+8.0776662E-01	+1.5149781E+02
+1.2303400E+01	+8.0797700E-01	+1.4969546E+02
+1.2307600E+01	+8.0819069E-01	+1.4789328E+02
+1.2311800E+01	+8.0840781E-01	+1.4609128E+02
+1.2316000E+01	+8.0862848E-01	+1.4428946E+02
+1.2320200E+01	+8.0885283E-01	+1.4248783E+02
+1.2324400E+01	+8.0908098E-01	+1.4068640E+02
+1.2328600E+01	+8.0931308E-01	+1.3888519E+02
+1.2332800E+01	+8.0954925E-01	+1.3708421E+02
+1.2337000E+01	+8.0978963E-01	+1.3528347E+02
+1.2341200E+01	+8.1003437E-01	+1.3348298E+02
+1.2345400E+01	+8.1028361E-01	+1.3168275E+02
+1.2349600E+01	+8.1053750E-01	+1.2988282E+02
+1.2353800E+01	+8.1079620E-01	+1.2808318E+02
+1.2358000E+01	+8.1105987E-01	+1.2628387E+02
+1.2362200E+01	+8.1132866E-01	+1.2448489E+02
+1.2366400E+01	+8.1160274E-01	+1.2268627E+02
+1.2370600E+01	+8.1188228E-01	+1.2088803E+02
+1.2374800E+01	+8.1216744E-01	+1.1909020E+02
+1.2379000E+01	+8.1245841E-01	+1.1729279E+02
+1.2383200E+01	+8.1275535E-01	+1.1549583E+02
+1.2387400E+01	+8.1305845E-01	+1.1369935E+02
+1.2391600E+01	+8.1336789E-01	+1.1190338E+02
+1.2395800E+01	+8.1368386E-01	+1.1010794E+02
+1.2400000E+01	+8.1400655E-01	+1.0831306E+02
