+8.2000000E+00	+9.9987234E-01	+2.6449288E+01
+8.2042000E+00	+9.9992626E-01	+2.3934498E+01
+8.2084000E+00	+9.9997127E-01	+2.1421112E+01
+8.2126000E+00	+1.0000000E+00	+1.8909219E+01
+8.2168000E+00	+1.0000000E+00	+1.6398907E+01
+8.2210000E+00	+1.0000000E+00	+1.3890254E+01
+8.2252000E+00	+1.0000000E+00	+1.1383332E+01
+8.2294000E+00	+1.0000000E+00	+8.8782090E+00
+8.2336000E+00	+1.0000000E+00	+6.3749446E+00
+8.2378000E+00	+1.0000000E+00	+3.8735939E+00
+8.2420000E+00	+1.0000000E+00	+1.3742063E+00
+8.2462000E+00	+1.0000000E+00	-1.1231738E+00
+8.2504000E+00	+1.0000000E+00	-3.6185073E+00
+8.2546000E+00	+1.0000000E+00	-6.1117597E+00
+8.2588000E+00	+1.0000000E+00	-8.6029011E+00
+8.2630000E+00	+1.0000000E+00	-1.1091906E+01
+8.2672000E+00	+1.0000000E+00	-1.3578752E+01
+8.2714000E+00	+1.0000000E+00	-1.6063422E+01
+8.2756000E+00	+1.0000000E+00	-1.8545902E+01
+8.2798000E+00	+1.0000000E+00	-2.1026180E+01
+8.2840000E+00	+1.0000000E+00	-2.3504250E+01
+8.2882000E+00	+9.9999618E-01	-2.5980105E+01
+8.2924000E+00	+9.9998533E-01	-2.8453745E+01
+8.2966000E+00	+9.9997515E-01	-3.0925169E+01
+8.3008000E+00	+9.9996577E-01	-3.3394380E+01
+8.3050000E+00	+9.9995727E-01	-3.5861383E+01
+8.3092000E+00	+9.9994975E-01	-3.8326185E+01
+8.3134000E+00	+9.9994324E-01	-4.0788793E+01
+8.3176000E+00	+9.9993779E-01	-4.3249218E+01
+8.3218000E+00	+9.9993341E-01	-4.5707472E+01
+8.3260000E+00	+9.9993011E-01	-4.8163566E+01
+8.3302000E+00	+9.9992789E-01	-5.0617514E+01
+8.3344000E+00	+9.9992671E-01	-5.3069331E+01
+8.3386000E+00	+9.9992655E-01	-5.5519031E+01
+8.3428000E+00	+9.9992735E-01	-5.7966631E+01
+8.3470000E+00	+9.9992908E-01	-6.0412146E+01
+8.3512000E+00	+9.9993165E-01	-6.2855594E+01
+8.3554000E+00	+9.9993501E-01	-6.5296992E+01
+8.3596000E+00	+9.9993907E-01	-6.7736355E+01
+8.3638000E+00	+9.9994377E-01	-7.0173703E+01
+8.3680000E+00	+9.9994901E-01	-7.2609051E+01
+8.3722000E+00	+9.9995471E-01	-7.5042416E+01
+8.3764000E+00	+9.9996078E-01	-7.7473816E+01
+8.3806000E+00	+9.9996713E-01	-7.9903267E+01
+8.3848000E+00	+9.9997367E-01	-8.2330785E+01
+8.3890000E+00	+9.9998031E-01	-8.4756385E+01
+8.3932000E+00	+9.9998695E-01	-8.7180084E+01
+8.3974000E+00	+9.9999353E-01	-8.9601895E+01
+8.4016000E+00	+9.9999994E-01	-9.2021834E+01
+8.4058000E+00	+1.0000000E+00	-9.4439914E+01
+8.4100000E+00	+1.0000000E+00	-9.6856148E+01
+8.4142000E+00	+1.0000000E+00	-9.9270549E+01
+8.4184000E+00	+1.0000000E+00	-1.0168313E+02
+8.4226000E+00	+1.0000000E+00	-1.0409390E+02
+8.4268000E+00	+1.0000000E+00	-1.0650287E+02
+8.4310000E+00	+1.0000000E+00	-1.0891005E+02
+8.4352000E+00	+1.0000000E+00	-1.1131545E+02
+8.4394000E+00	+1.0000000E+00	-1.1371908E+02
+8.4436000E+00	+1.0000000E+00	-1.1612095E+02
+8.4478000E+00	+1.0000000E+00	-1.1852106E+02
+8.4520000E+00	+1.0000000E+00	-1.2091942E+02
+8.4562000E+00	+1.0000000E+00	-1.2331604E+02
+8.4604000E+00	+1.0000000E+00	-1.2571092E+02
+8.4646000E+00	+1.0000000E+00	-1.2810407E+02
+8.4688000E+00	+1.0000000E+00	-1.3049550E+02
+8.4730000E+00	+1.0000000E+00	-1.3288520E+02
+8.4772000E+00	+1.0000000E+00	-1.3527318E+02
+8.4814000E+00	+1.0000000E+00	-1.3765944E+02
+8.4856000E+00	+1.0000000E+00	-1.4004399E+02
+8.4898000E+00	+9.9999663E-01	-1.4242683E+02
+8.4940000E+00	+9.9998801E-01	-1.4480796E+02
+8.4982000E+00	+9.9997873E-01	-1.4718738E+02
+8.5024000E+00	+9.9996884E-01	-1.4956509E+02
+8.5066000E+00	+9.9995839E-01	-1.5194110E+02
+8.5108000E+00	+9.9994744E-01	-1.5431541E+02
+8.5150000E+00	+9.9993606E-01	-1.5668801E+02
+8.5192000E+00	+9.9992430E-01	-1.5905891E+02
+8.5234000E+00	+9.9991225E-01	-1.6142810E+02
+8.5276000E+00	+9.9989996E-01	-1.6379559E+02
+8.5318000E+00	+9.9988753E-01	-1.6616139E+02
+8.5360000E+00	+9.9987502E-01	-1.6852548E+02
+8.5402000E+00	+9.9986251E-01	-1.7088787E+02
+8.5444000E+00	+9.9985010E-01	-1.7324856E+02
+8.5486000E+00	+9.9983786E-01	-1.7560755E+02
+8.5528000E+00	+9.9982588E-01	-1.7796484E+02
+8.5570000E+00	+9.9981425E-01	+1.7967956E+02
+8.5612000E+00	+9.9980304E-01	+1.7732567E+02
+8.5654000E+00	+9.9979236E-01	+1.7497346E+02
+8.5696000E+00	+9.9978228E-01	+1.7262296E+02
+8.5738000E+00	+9.9977289E-01	+1.7027414E+02
+8.5780000E+00	+9.9976427E-01	+1.6792701E+02
+8.5822000E+00	+9.9975651E-01	+1.6558157E+02
+8.5864000E+00	+9.9974969E-01	+1.6323782E+02
+8.5906000E+00	+9.9974389E-01	+1.6089574E+02
+8.5948000E+00	+9.9973919E-01	+1.5855535E+02
+8.5990000E+00	+9.9973566E-01	+1.5621663E+02
+8.6032000E+00	+9.9973337E-01	+1.5387957E+02
+8.6074000E+00	+9.9973240E-01	+1.5154419E+02
+8.6116000E+00	+9.9973281E-01	+1.4921046E+02
+8.6158000E+00	+9.9973465E-01	+1.4687839E+02
+8.6200000E+00	+9.9973799E-01	+1.4454797E+02
+8.6242000E+00	+9.9974289E-01	+1.4221918E+02
+8.6284000E+00	+9.9974938E-01	+1.3989204E+02
+8.6326000E+00	+9.9975752E-01	+1.3756652E+02
+8.6368000E+00	+9.9976734E-01	+1.3524262E+02
+8.6410000E+00	+9.9977888E-01	+1.3292034E+02
+8.6452000E+00	+9.9979216E-01	+1.3059966E+02
+8.6494000E+00	+9.9980721E-01	+1.2828057E+02
+8.6536000E+00	+9.9982405E-01	+1.2596307E+02
+8.6578000E+00	+9.9984269E-01	+1.2364714E+02
+8.6620000E+00	+9.9986312E-01	+1.2133277E+02
+8.6662000E+00	+9.9988535E-01	+1.1901996E+02
+8.6704000E+00	+9.9990937E-01	+1.1670869E+02
+8.6746000E+00	+9.9993516E-01	+1.1439896E+02
+8.6788000E+00	+9.9996270E-01	+1.1209074E+02
+8.6830000E+00	+9.9999195E-01	+1.0978402E+02
+8.6872000E+00	+1.0000000E+00	+1.0747880E+02
+8.6914000E+00	+1.0000000E+00	+1.0517506E+02
+8.6956000E+00	+1.0000000E+00	+1.0287279E+02
+8.6998000E+00	+1.0000000E+00	+1.0057197E+02
+8.7040000E+00	+1.0000000E+00	+9.8272582E+01
+8.7082000E+00	+1.0000000E+00	+9.5974622E+01
+8.7124000E+00	+1.0000000E+00	+9.3678072E+01
+8.7166000E+00	+1.0000000E+00	+9.1382917E+01
+8.7208000E+00	+1.0000000E+00	+8.9089141E+01
+8.7250000E+00	+1.0000000E+00	+8.6796731E+01
+8.7292000E+00	+1.0000000E+00	+8.4505670E+01
+8.7334000E+00	+1.0000000E+00	+8.2215943E+01
+8.7376000E+00	+1.0000000E+00	+7.9927537E+01
+8.7418000E+00	+1.0000000E+00	+7.7640435E+01
+8.7460000E+00	+1.0000000E+00	+7.5354624E+01
+8.7502000E+00	+1.0000000E+00	+7.3070088E+01
+8.7544000E+00	+1.0000000E+00	+7.0786815E+01
+8.7586000E+00	+1.0000000E+00	+6.8504791E+01
+8.7628000E+00	+1.0000000E+00	+6.6224002E+01
+8.7670000E+00	+1.0000000E+00	+6.3944437E+01
+8.7712000E+00	+1.0000000E+00	+6.1666084E+01
+8.7754000E+00	+1.0000000E+00	+5.9388935E+01
+8.7796000E+00	+1.0000000E+00	+5.7112979E+01
+8.7838000E+00	+1.0000000E+00	+5.4838210E+01
+8.7880000E+00	+1.0000000E+00	+5.2564621E+01
+8.7922000E+00	+1.0000000E+00	+5.0292210E+01
+8.7964000E+00	+1.0000000E+00	+4.8020973E+01
+8.8006000E+00	+1.0000000E+00	+4.5750912E+01
+8.8048000E+00	+1.0000000E+00	+4.3482028E+01
+8.8090000E+00	+1.0000000E+00	+4.1214329E+01
+8.8132000E+00	+1.0000000E+00	+3.8947822E+01
+8.8174000E+00	+1.0000000E+00	+3.6682518E+01
+8.8216000E+00	+1.0000000E+00	+3.4418431E+01
+8.8258000E+00	+1.0000000E+00	+3.2155580E+01
+8.8300000E+00	+1.0000000E+00	+2.9893986E+01
+8.8342000E+00	+1.0000000E+00	+2.7633671E+01
+8.8384000E+00	+1.0000000E+00	+2.5374662E+01
+8.8426000E+00	+1.0000000E+00	+2.3116987E+01
+8.8468000E+00	+1.0000000E+00	+2.0860679E+01
+8.8510000E+00	+1.0000000E+00	+1.8605769E+01
+8.8552000E+00	+1.0000000E+00	+1.6352291E+01
+8.8594000E+00	+1.0000000E+00	+1.4100276E+01
+8.8636000E+00	+1.0000000E+00	+1.1849758E+01
+8.8678000E+00	+1.0000000E+00	+9.6007665E+00
+8.8720000E+00	+1.0000000E+00	+7.3533290E+00
+8.8762000E+00	+1.0000000E+00	+5.1074692E+00
+8.8804000E+00	+1.0000000E+00	+2.8632060E+00
+8.8846000E+00	+1.0000000E+00	+6.2055314E-01
+8.8888000E+00	+1.0000000E+00	-1.6204819E+00
+8.8930000E+00	+1.0000000E+00	-3.8598980E+00
+8.8972000E+00	+1.0000000E+00	-6.0977006E+00
+8.9014000E+00	+9.9995288E-01	-8.3339017E+00
+8.9056000E+00	+9.9986620E-01	-1.0568520E+01
+8.9098000E+00	+9.9978198E-01	-1.2801580E+01
+8.9140000E+00	+9.9970094E-01	-1.5033110E+01
+8.9182000E+00	+9.9962372E-01	-1.7263145E+01
+8.9224000E+00	+9.9955086E-01	-1.9491722E+01
+8.9266000E+00	+9.9948280E-01	-2.1718882E+01
+8.9308000E+00	+9.9941990E-01	-2.3944664E+01
+8.9350000E+00	+9.9936240E-01	-2.6169112E+01
+8.9392000E+00	+9.9931047E-01	-2.8392268E+01
+8.9434000E+00	+9.9926418E-01	-3.0614171E+01
+8.9476000E+00	+9.9922352E-01	-3.2834861E+01
+8.9518000E+00	+9.9918841E-01	-3.5054374E+01
+8.9560000E+00	+9.9915871E-01	-3.7272746E+01
+8.9602000E+00	+9.9913423E-01	-3.9490005E+01
+8.9644000E+00	+9.9911472E-01	-4.1706181E+01
+8.9686000E+00	+9.9909993E-01	-4.3921299E+01
+8.9728000E+00	+9.9908956E-01	-4.6135379E+01
+8.9770000E+00	+9.9908331E-01	-4.8348441E+01
+8.9812000E+00	+9.9908087E-01	-5.0560500E+01
+8.9854000E+00	+9.9908191E-01	-5.2771567E+01
+8.9896000E+00	+9.9908612E-01	-5.4981655E+01
+8.9938000E+00	+9.9909319E-01	-5.7190770E+01
+8.9980000E+00	+9.9910283E-01	-5.9398917E+01
+9.0022000E+00	+9.9911476E-01	-6.1606101E+01
+9.0064000E+00	+9.9912869E-01	-6.3812323E+01
+9.0106000E+00	+9.9914439E-01	-6.6017585E+01
+9.0148000E+00	+9.9916161E-01	-6.8221884E+01
+9.0190000E+00	+9.9918012E-01	-7.0425220E+01
+9.0232000E+00	+9.9919974E-01	-7.2627589E+01
+9.0274000E+00	+9.9922026E-01	-7.4828988E+01
+9.0316000E+00	+9.9924152E-01	-7.7029412E+01
+9.0358000E+00	+9.9926337E-01	-7.9228858E+01
+9.0400000E+00	+9.9928566E-01	-8.1427320E+01
+9.0442000E+00	+9.9930828E-01	-8.3624793E+01
+9.0484000E+00	+9.9933110E-01	-8.5821271E+01
+9.0526000E+00	+9.9935403E-01	-8.8016748E+01
+9.0568000E+00	+9.9937698E-01	-9.0211220E+01
+9.0610000E+00	+9.9939987E-01	-9.2404680E+01
+9.0652000E+00	+9.9942263E-01	-9.4597124E+01
+9.0694000E+00	+9.9944521E-01	-9.6788544E+01
+9.0736000E+00	+9.9946755E-01	-9.8978937E+01
+9.0778000E+00	+9.9948962E-01	-1.0116830E+02
+9.0820000E+00	+9.9951137E-01	-1.0335662E+02
+9.0862000E+00	+9.9953278E-01	-1.0554390E+02
+9.0904000E+00	+9.9955381E-01	-1.0773013E+02
+9.0946000E+00	+9.9957445E-01	-1.0991531E+02
+9.0988000E+00	+9.9959469E-01	-1.1209943E+02
+9.1030000E+00	+9.9961451E-01	-1.1428250E+02
+9.1072000E+00	+9.9963390E-01	-1.1646450E+02
+9.1114000E+00	+9.9965285E-01	-1.1864543E+02
+9.1156000E+00	+9.9967137E-01	-1.2082530E+02
+9.1198000E+00	+9.9968945E-01	-1.2300409E+02
+9.1240000E+00	+9.9970709E-01	-1.2518181E+02
+9.1282000E+00	+9.9972430E-01	-1.2735845E+02
+9.1324000E+00	+9.9974107E-01	-1.2953401E+02
+9.1366000E+00	+9.9975741E-01	-1.3170850E+02
+9.1408000E+00	+9.9977333E-01	-1.3388190E+02
+9.1450000E+00	+9.9978884E-01	-1.3605422E+02
+9.1492000E+00	+9.9980393E-01	-1.3822545E+02
+9.1534000E+00	+9.9981862E-01	-1.4039561E+02
+9.1576000E+00	+9.9983291E-01	-1.4256467E+02
+9.1618000E+00	+9.9984681E-01	-1.4473266E+02
+9.1660000E+00	+9.9986032E-01	-1.4689956E+02
+9.1702000E+00	+9.9987346E-01	-1.4906537E+02
+9.1744000E+00	+9.9988623E-01	-1.5123010E+02
+9.1786000E+00	+9.9989863E-01	-1.5339375E+02
+9.1828000E+00	+9.9991067E-01	-1.5555632E+02
+9.1870000E+00	+9.9992235E-01	-1.5771781E+02
+9.1912000E+00	+9.9993369E-01	-1.5987822E+02
+9.1954000E+00	+9.9994468E-01	-1.6203756E+02
+9.1996000E+00	+9.9995533E-01	-1.6419582E+02
+9.2038000E+00	+9.9996564E-01	-1.6635301E+02
+9.2080000E+00	+9.9997562E-01	-1.6850913E+02
+9.2122000E+00	+9.9998526E-01	-1.7066418E+02
+9.2164000E+00	+9.9999457E-01	-1.7281817E+02
+9.2206000E+00	+1.0000000E+00	-1.7497109E+02
+9.2248000E+00	+1.0000000E+00	-1.7712296E+02
+9.2290000E+00	+1.0000000E+00	-1.7927376E+02
+9.2332000E+00	+1.0000000E+00	+1.7857648E+02
+9.2374000E+00	+1.0000000E+00	+1.7642777E+02
+9.2416000E+00	+1.0000000E+00	+1.7428011E+02
+9.2458000E+00	+1.0000000E+00	+1.7213349E+02
+9.2500000E+00	+1.0000000E+00	+1.6998791E+02
+9.2542000E+00	+1.0000000E+00	+1.6784337E+02
+9.2584000E+00	+1.0000000E+00	+1.6569985E+02
+9.2626000E+00	+1.0000000E+00	+1.6355737E+02
+9.2668000E+00	+1.0000000E+00	+1.6141590E+02
+9.2710000E+00	+1.0000000E+00	+1.5927546E+02
+9.2752000E+00	+1.0000000E+00	+1.5713603E+02
+9.2794000E+00	+1.0000000E+00	+1.5499761E+02
+9.2836000E+00	+1.0000000E+00	+1.5286020E+02
+9.2878000E+00	+1.0000000E+00	+1.5072378E+02
+9.2920000E+00	+1.0000000E+00	+1.4858837E+02
+9.2962000E+00	+1.0000000E+00	+1.4645395E+02
+9.3004000E+00	+1.0000000E+00	+1.4432052E+02
+9.3046000E+00	+1.0000000E+00	+1.4218807E+02
+9.3088000E+00	+1.0000000E+00	+1.4005661E+02
+9.3130000E+00	+1.0000000E+00	+1.3792612E+02
+9.3172000E+00	+1.0000000E+00	+1.3579660E+02
+9.3214000E+00	+1.0000000E+00	+1.3366804E+02
+9.3256000E+00	+1.0000000E+00	+1.3154045E+02
+9.3298000E+00	+1.0000000E+00	+1.2941382E+02
+9.3340000E+00	+1.0000000E+00	+1.2728814E+02
+9.3382000E+00	+1.0000000E+00	+1.2516341E+02
+9.3424000E+00	+1.0000000E+00	+1.2303963E+02
+9.3466000E+00	+1.0000000E+00	+1.2091679E+02
+9.3508000E+00	+1.0000000E+00	+1.1879489E+02
+9.3550000E+00	+1.0000000E+00	+1.1667391E+02
+9.3592000E+00	+1.0000000E+00	+1.1455387E+02
+9.3634000E+00	+1.0000000E+00	+1.1243475E+02
+9.3676000E+00	+1.0000000E+00	+1.1031655E+02
+9.3718000E+00	+1.0000000E+00	+1.0819927E+02
+9.3760000E+00	+1.0000000E+00	+1.0608291E+02
+9.3802000E+00	+1.0000000E+00	+1.0396745E+02
+9.3844000E+00	+1.0000000E+00	+1.0185290E+02
+9.3886000E+00	+1.0000000E+00	+9.9739245E+01
+9.3928000E+00	+1.0000000E+00	+9.7626493E+01
+9.3970000E+00	+1.0000000E+00	+9.5514635E+01
+9.4012000E+00	+1.0000000E+00	+9.3403669E+01
+9.4054000E+00	+1.0000000E+00	+9.1293591E+01
+9.4096000E+00	+1.0000000E+00	+8.9184399E+01
+9.4138000E+00	+1.0000000E+00	+8.7076088E+01
+9.4180000E+00	+1.0000000E+00	+8.4968655E+01
+9.4222000E+00	+1.0000000E+00	+8.2862098E+01
+9.4264000E+00	+1.0000000E+00	+8.0756414E+01
+9.4306000E+00	+1.0000000E+00	+7.8651599E+01
+9.4348000E+00	+1.0000000E+00	+7.6547652E+01
+9.4390000E+00	+1.0000000E+00	+7.4444568E+01
+9.4432000E+00	+1.0000000E+00	+7.2342347E+01
+9.4474000E+00	+1.0000000E+00	+7.0240984E+01
+9.4516000E+00	+1.0000000E+00	+6.8140478E+01
+9.4558000E+00	+1.0000000E+00	+6.6040826E+01
+9.4600000E+00	+9.9999595E-01	+6.3942025E+01
+9.4642000E+00	+9.9999017E-01	+6.1844075E+01
+9.4684000E+00	+9.9998448E-01	+5.9746971E+01
+9.4726000E+00	+9.9997890E-01	+5.7650713E+01
+9.4768000E+00	+9.9997344E-01	+5.5555297E+01
+9.4810000E+00	+9.9996814E-01	+5.3460723E+01
+9.4852000E+00	+9.9996299E-01	+5.1366988E+01
+9.4894000E+00	+9.9995804E-01	+4.9274089E+01
+9.4936000E+00	+9.9995330E-01	+4.7182027E+01
+9.4978000E+00	+9.9994879E-01	+4.5090797E+01
+9.5020000E+00	+9.9994452E-01	+4.3000400E+01
+9.5062000E+00	+9.9994053E-01	+4.0910832E+01
+9.5104000E+00	+9.9993682E-01	+3.8822093E+01
+9.5146000E+00	+9.9993342E-01	+3.6734181E+01
+9.5188000E+00	+9.9993035E-01	+3.4647093E+01
+9.5230000E+00	+9.9992761E-01	+3.2560830E+01
+9.5272000E+00	+9.9992524E-01	+3.0475389E+01
+9.5314000E+00	+9.9992324E-01	+2.8390768E+01
+9.5356000E+00	+9.9992164E-01	+2.6306967E+01
+9.5398000E+00	+9.9992044E-01	+2.4223984E+01
+9.5440000E+00	+9.9991966E-01	+2.2141817E+01
+9.5482000E+00	+9.9991931E-01	+2.0060465E+01
+9.5524000E+00	+9.9991941E-01	+1.7979927E+01
+9.5566000E+00	+9.9991997E-01	+1.5900202E+01
+9.5608000E+00	+9.9992100E-01	+1.3821287E+01
+9.5650000E+00	+9.9992250E-01	+1.1743182E+01
+9.5692000E+00	+9.9992449E-01	+9.6658863E+00
+9.5734000E+00	+9.9992698E-01	+7.5893973E+00
+9.5776000E+00	+9.9992996E-01	+5.5137143E+00
+9.5818000E+00	+9.9993345E-01	+3.4388358E+00
+9.5860000E+00	+9.9993745E-01	+1.3647606E+00
+9.5902000E+00	+9.9994196E-01	-7.0851256E-01
+9.5944000E+00	+9.9994698E-01	-2.7809850E+00
+9.5986000E+00	+9.9995252E-01	-4.8526581E+00
+9.6028000E+00	+9.9995857E-01	-6.9235332E+00
+9.6070000E+00	+9.9996513E-01	-8.9936115E+00
+9.6112000E+00	+9.9997219E-01	-1.1062894E+01
+9.6154000E+00	+9.9997976E-01	-1.3131383E+01
+9.6196000E+00	+9.9998783E-01	-1.5199080E+01
+9.6238000E+00	+9.9999638E-01	-1.7265985E+01
+9.6280000E+00	+1.0000000E+00	-1.9332100E+01
+9.6322000E+00	+1.0000000E+00	-2.1397427E+01
+9.6364000E+00	+1.0000000E+00	-2.3461967E+01
+9.6406000E+00	+1.0000000E+00	-2.5525721E+01
+9.6448000E+00	+1.0000000E+00	-2.7588691E+01
+9.6490000E+00	+1.0000000E+00	-2.9650879E+01
+9.6532000E+00	+1.0000000E+00	-3.1712287E+01
+9.6574000E+00	+1.0000000E+00	-3.3772914E+01
+9.6616000E+00	+1.0000000E+00	-3.5832764E+01
+9.6658000E+00	+1.0000000E+00	-3.7891838E+01
+9.6700000E+00	+1.0000000E+00	-3.9950138E+01
+9.6742000E+00	+1.0000000E+00	-4.2007665E+01
+9.6784000E+00	+1.0000000E+00	-4.4064420E+01
+9.6826000E+00	+1.0000000E+00	-4.6120406E+01
+9.6868000E+00	+1.0000000E+00	-4.8175625E+01
+9.6910000E+00	+1.0000000E+00	-5.0230077E+01
+9.6952000E+00	+1.0000000E+00	-5.2283766E+01
+9.6994000E+00	+1.0000000E+00	-5.4336692E+01
+9.7036000E+00	+1.0000000E+00	-5.6388858E+01
+9.7078000E+00	+1.0000000E+00	-5.8440265E+01
+9.7120000E+00	+1.0000000E+00	-6.0490915E+01
+9.7162000E+00	+1.0000000E+00	-6.2540811E+01
+9.7204000E+00	+1.0000000E+00	-6.4589953E+01
+9.7246000E+00	+1.0000000E+00	-6.6638345E+01
+9.7288000E+00	+1.0000000E+00	-6.8685988E+01
+9.7330000E+00	+1.0000000E+00	-7.0732883E+01
+9.7372000E+00	+1.0000000E+00	-7.2779033E+01
+9.7414000E+00	+1.0000000E+00	-7.4824441E+01
+9.7456000E+00	+1.0000000E+00	-7.6869107E+01
+9.7498000E+00	+1.0000000E+00	-7.8913034E+01
+9.7540000E+00	+1.0000000E+00	-8.0956224E+01
+9.7582000E+00	+1.0000000E+00	-8.2998678E+01
+9.7624000E+00	+1.0000000E+00	-8.5040400E+01
+9.7666000E+00	+1.0000000E+00	-8.7081391E+01
+9.7708000E+00	+1.0000000E+00	-8.9121653E+01
+9.7750000E+00	+1.0000000E+00	-9.1161188E+01
+9.7792000E+00	+1.0000000E+00	-9.3199998E+01
+9.7834000E+00	+1.0000000E+00	-9.5238085E+01
+9.7876000E+00	+1.0000000E+00	-9.7275451E+01
+9.7918000E+00	+1.0000000E+00	-9.9312099E+01
+9.7960000E+00	+1.0000000E+00	-1.0134803E+02
+9.8002000E+00	+1.0000000E+00	-1.0338325E+02
+9.8044000E+00	+1.0000000E+00	-1.0541775E+02
+9.8086000E+00	+1.0000000E+00	-1.0745154E+02
+9.8128000E+00	+1.0000000E+00	-1.0948463E+02
+9.8170000E+00	+1.0000000E+00	-1.1151700E+02
+9.8212000E+00	+1.0000000E+00	-1.1354868E+02
+9.8254000E+00	+1.0000000E+00	-1.1557965E+02
+9.8296000E+00	+1.0000000E+00	-1.1760991E+02
+9.8338000E+00	+1.0000000E+00	-1.1963948E+02
+9.8380000E+00	+1.0000000E+00	-1.2166836E+02
+9.8422000E+00	+1.0000000E+00	-1.2369653E+02
+9.8464000E+00	+1.0000000E+00	-1.2572402E+02
+9.8506000E+00	+1.0000000E+00	-1.2775081E+02
+9.8548000E+00	+1.0000000E+00	-1.2977692E+02
+9.8590000E+00	+1.0000000E+00	-1.3180233E+02
+9.8632000E+00	+1.0000000E+00	-1.3382706E+02
+9.8674000E+00	+1.0000000E+00	-1.3585111E+02
+9.8716000E+00	+1.0000000E+00	-1.3787447E+02
+9.8758000E+00	+1.0000000E+00	-1.3989715E+02
+9.8800000E+00	+1.0000000E+00	-1.4191916E+02
+9.8842000E+00	+1.0000000E+00	-1.4394048E+02
+9.8884000E+00	+1.0000000E+00	-1.4596113E+02
+9.8926000E+00	+1.0000000E+00	-1.4798111E+02
+9.8968000E+00	+1.0000000E+00	-1.5000041E+02
+9.9010000E+00	+1.0000000E+00	-1.5201905E+02
+9.9052000E+00	+1.0000000E+00	-1.5403701E+02
+9.9094000E+00	+1.0000000E+00	-1.5605430E+02
+9.9136000E+00	+1.0000000E+00	-1.5807093E+02
+9.9178000E+00	+1.0000000E+00	-1.6008690E+02
+9.9220000E+00	+1.0000000E+00	-1.6210220E+02
+9.9262000E+00	+1.0000000E+00	-1.6411684E+02
+9.9304000E+00	+1.0000000E+00	-1.6613082E+02
+9.9346000E+00	+1.0000000E+00	-1.6814414E+02
+9.9388000E+00	+1.0000000E+00	-1.7015680E+02
+9.9430000E+00	+1.0000000E+00	-1.7216881E+02
+9.9472000E+00	+1.0000000E+00	-1.7418016E+02
+9.9514000E+00	+1.0000000E+00	-1.7619086E+02
+9.9556000E+00	+1.0000000E+00	-1.7820091E+02
+9.9598000E+00	+1.0000000E+00	+1.7978969E+02
+9.9640000E+00	+1.0000000E+00	+1.7778095E+02
+9.9682000E+00	+1.0000000E+00	+1.7577285E+02
+9.9724000E+00	+1.0000000E+00	+1.7376539E+02
+9.9766000E+00	+1.0000000E+00	+1.7175859E+02
+9.9808000E+00	+1.0000000E+00	+1.6975242E+02
+9.9850000E+00	+1.0000000E+00	+1.6774690E+02
+9.9892000E+00	+1.0000000E+00	+1.6574202E+02
+9.9934000E+00	+1.0000000E+00	+1.6373779E+02
+9.9976000E+00	+1.0000000E+00	+1.6173419E+02
+1.0000000E+01	+1.0000000E+00	+1.6058956E+02
+1.0001800E+01	+1.0000000E+00	+1.5973122E+02
+1.0006000E+01	+1.0000000E+00	+1.5772890E+02
+1.0010200E+01	+1.0000000E+00	+1.5572721E+02
+1.0014400E+01	+9.9998410E-01	+1.5372615E+02
+1.0018600E+01	+9.9995729E-01	+1.5172573E+02
+1.0022800E+01	+9.9993035E-01	+1.4972593E+02
+1.0027000E+01	+9.9990334E-01	+1.4772677E+02
+1.0031200E+01	+9.9987629E-01	+1.4572824E+02
+1.0035400E+01	+9.9984924E-01	+1.4373033E+02
+1.0039600E+01	+9.9982224E-01	+1.4173305E+02
+1.0043800E+01	+9.9979533E-01	+1.3973639E+02
+1.0048000E+01	+9.9976854E-01	+1.3774036E+02
+1.0052200E+01	+9.9974193E-01	+1.3574494E+02
+1.0056400E+01	+9.9971554E-01	+1.3375015E+02
+1.0060600E+01	+9.9968940E-01	+1.3175598E+02
+1.0064800E+01	+9.9966356E-01	+1.2976242E+02
+1.0069000E+01	+9.9963805E-01	+1.2776948E+02
+1.0073200E+01	+9.9961292E-01	+1.2577716E+02
+1.0077400E+01	+9.9958822E-01	+1.2378544E+02
+1.0081600E+01	+9.9956397E-01	+1.2179434E+02
+1.0085800E+01	+9.9954021E-01	+1.1980385E+02
+1.0090000E+01	+9.9951699E-01	+1.1781397E+02
+1.0094200E+01	+9.9949434E-01	+1.1582469E+02
+1.0098400E+01	+9.9947230E-01	+1.1383602E+02
+1.0102600E+01	+9.9945090E-01	+1.1184795E+02
+1.0106800E+01	+9.9943017E-01	+1.0986048E+02
+1.0111000E+01	+9.9941015E-01	+1.0787361E+02
+1.0115200E+01	+9.9939088E-01	+1.0588734E+02
+1.0119400E+01	+9.9937237E-01	+1.0390167E+02
+1.0123600E+01	+9.9935467E-01	+1.0191659E+02
+1.0127800E+01	+9.9933779E-01	+9.9932107E+01
+1.0132000E+01	+9.9932177E-01	+9.7948213E+01
+1.0136200E+01	+9.9930662E-01	+9.5964908E+01
+1.0140400E+01	+9.9929238E-01	+9.3982190E+01
+1.0144600E+01	+9.9927906E-01	+9.2000058E+01
+1.0148800E+01	+9.9926669E-01	+9.0018510E+01
+1.0153000E+01	+9.9925528E-01	+8.8037542E+01
+1.0157200E+01	+9.9924485E-01	+8.6057155E+01
+1.0161400E+01	+9.9923541E-01	+8.4077345E+01
+1.0165600E+01	+9.9922698E-01	+8.2098111E+01
+1.0169800E+01	+9.9921958E-01	+8.0119451E+01
+1.0174000E+01	+9.9921320E-01	+7.8141362E+01
+1.0178200E+01	+9.9920785E-01	+7.6163844E+01
+1.0182400E+01	+9.9920356E-01	+7.4186893E+01
+1.0186600E+01	+9.9920030E-01	+7.2210507E+01
+1.0190800E+01	+9.9919810E-01	+7.0234685E+01
+1.0195000E+01	+9.9919695E-01	+6.8259425E+01
+1.0199200E+01	+9.9919685E-01	+6.6284724E+01
+1.0203400E+01	+9.9919780E-01	+6.4310581E+01
+1.0207600E+01	+9.9919978E-01	+6.2336993E+01
+1.0211800E+01	+9.9920280E-01	+6.0363959E+01
+1.0216000E+01	+9.9920685E-01	+5.8391476E+01
+1.0220200E+01	+9.9921190E-01	+5.6419542E+01
+1.0224400E+01	+9.9921796E-01	+5.4448156E+01
+1.0228600E+01	+9.9922501E-01	+5.2477315E+01
+1.0232800E+01	+9.9923303E-01	+5.0507018E+01
+1.0237000E+01	+9.9924200E-01	+4.8537262E+01
+1.0241200E+01	+9.9925190E-01	+4.6568045E+01
+1.0245400E+01	+9.9926272E-01	+4.4599366E+01
+1.0249600E+01	+9.9927443E-01	+4.2631222E+01
+1.0253800E+01	+9.9928700E-01	+4.0663613E+01
+1.0258000E+01	+9.9930042E-01	+3.8696535E+01
+1.0262200E+01	+9.9931464E-01	+3.6729987E+01
+1.0266400E+01	+9.9932965E-01	+3.4763968E+01
+1.0270600E+01	+9.9934541E-01	+3.2798476E+01
+1.0274800E+01	+9.9936189E-01	+3.0833508E+01
+1.0279000E+01	+9.9937906E-01	+2.8869064E+01
+1.0283200E+01	+9.9939689E-01	+2.6905142E+01
+1.0287400E+01	+9.9941533E-01	+2.4941740E+01
+1.0291600E+01	+9.9943436E-01	+2.2978857E+01
+1.0295800E+01	+9.9945393E-01	+2.1016491E+01
+1.0300000E+01	+9.9947401E-01	+1.9054641E+01
+1.0304200E+01	+9.9949456E-01	+1.7093306E+01
+1.0308400E+01	+9.9951553E-01	+1.5132484E+01
+1.0312600E+01	+9.9953690E-01	+1.3172175E+01
+1.0316800E+01	+9.9955861E-01	+1.1212377E+01
+1.0321000E+01	+9.9958063E-01	+9.2530888E+00
+1.0325200E+01	+9.9960291E-01	+7.2943099E+00
+1.0329400E+01	+9.9962541E-01	+5.3360393E+00
+1.0333600E+01	+9.9964809E-01	+3.3782762E+00
+1.0337800E+01	+9.9967091E-01	+1.4210197E+00
+1.0342000E+01	+9.9969382E-01	-5.3573075E-01
+1.0346200E+01	+9.9971677E-01	-2.4919757E+00
+1.0350400E+01	+9.9973974E-01	-4.4477158E+00
+1.0354600E+01	+9.9976267E-01	-6.4029513E+00
+1.0358800E+01	+9.9978552E-01	-8.3576827E+00
+1.0363000E+01	+9.9980825E-01	-1.0311910E+01
+1.0367200E+01	+9.9983082E-01	-1.2265634E+01
+1.0371400E+01	+9.9985318E-01	-1.4218854E+01
+1.0375600E+01	+9.9987530E-01	-1.6171570E+01
+1.0379800E+01	+9.9989714E-01	-1.8123783E+01
+1.0384000E+01	+9.9991865E-01	-2.0075491E+01
+1.0388200E+01	+9.9993981E-01	-2.2026696E+01
+1.0392400E+01	+9.9996056E-01	-2.3977396E+01
+1.0396600E+01	+9.9998088E-01	-2.5927591E+01
+1.0400800E+01	+1.0000000E+00	-2.7877281E+01
+1.0405000E+01	+1.0000000E+00	-2.9826464E+01
+1.0409200E+01	+1.0000000E+00	-3.1775141E+01
+1.0413400E+01	+1.0000000E+00	-3.3723310E+01
+1.0417600E+01	+1.0000000E+00	-3.5670971E+01
+1.0421800E+01	+1.0000000E+00	-3.7618123E+01
+1.0426000E+01	+1.0000000E+00	-3.9564764E+01
+1.0430200E+01	+1.0000000E+00	-4.1510894E+01
+1.0434400E+01	+1.0000000E+00	-4.3456512E+01
+1.0438600E+01	+1.0000000E+00	-4.5401616E+01
+1.0442800E+01	+1.0000000E+00	-4.7346205E+01
+1.0447000E+01	+1.0000000E+00	-4.9290278E+01
+1.0451200E+01	+1.0000000E+00	-5.1233832E+01
+1.0455400E+01	+1.0000000E+00	-5.3176868E+01
+1.0459600E+01	+1.0000000E+00	-5.5119383E+01
+1.0463800E+01	+1.0000000E+00	-5.7061375E+01
+1.0468000E+01	+1.0000000E+00	-5.9002844E+01
+1.0472200E+01	+1.0000000E+00	-6.0943787E+01
+1.0476400E+01	+1.0000000E+00	-6.2884203E+01
+1.0480600E+01	+1.0000000E+00	-6.4824089E+01
+1.0484800E+01	+1.0000000E+00	-6.6763445E+01
+1.0489000E+01	+1.0000000E+00	-6.8702268E+01
+1.0493200E+01	+1.0000000E+00	-7.0640556E+01
+1.0497400E+01	+1.0000000E+00	-7.2578308E+01
+1.0501600E+01	+1.0000000E+00	-7.4515522E+01
+1.0505800E+01	+1.0000000E+00	-7.6452196E+01
+1.0510000E+01	+1.0000000E+00	-7.8388328E+01
+1.0514200E+01	+1.0000000E+00	-8.0323915E+01
+1.0518400E+01	+1.0000000E+00	-8.2258957E+01
+1.0522600E+01	+1.0000000E+00	-8.4193452E+01
+1.0526800E+01	+1.0000000E+00	-8.6127397E+01
+1.0531000E+01	+1.0000000E+00	-8.8060791E+01
+1.0535200E+01	+1.0000000E+00	-8.9993631E+01
+1.0539400E+01	+1.0000000E+00	-9.1925917E+01
+1.0543600E+01	+1.0000000E+00	-9.3857647E+01
+1.0547800E+01	+1.0000000E+00	-9.5788818E+01
+1.0552000E+01	+1.0000000E+00	-9.7719430E+01
+1.0556200E+01	+1.0000000E+00	-9.9649480E+01
+1.0560400E+01	+1.0000000E+00	-1.0157897E+02
+1.0564600E+01	+1.0000000E+00	-1.0350789E+02
+1.0568800E+01	+1.0000000E+00	-1.0543625E+02
+1.0573000E+01	+1.0000000E+00	-1.0736404E+02
+1.0577200E+01	+1.0000000E+00	-1.0929126E+02
+1.0581400E+01	+1.0000000E+00	-1.1121792E+02
+1.0585600E+01	+1.0000000E+00	-1.1314400E+02
+1.0589800E+01	+1.0000000E+00	-1.1506952E+02
+1.0594000E+01	+1.0000000E+00	-1.1699446E+02
+1.0598200E+01	+1.0000000E+00	-1.1891883E+02
+1.0602400E+01	+1.0000000E+00	-1.2084263E+02
+1.0606600E+01	+1.0000000E+00	-1.2276585E+02
+1.0610800E+01	+1.0000000E+00	-1.2468851E+02
+1.0615000E+01	+1.0000000E+00	-1.2661059E+02
+1.0619200E+01	+1.0000000E+00	-1.2853209E+02
+1.0623400E+01	+1.0000000E+00	-1.3045303E+02
+1.0627600E+01	+1.0000000E+00	-1.3237339E+02
+1.0631800E+01	+1.0000000E+00	-1.3429318E+02
+1.0636000E+01	+1.0000000E+00	-1.3621240E+02
+1.0640200E+01	+1.0000000E+00	-1.3813105E+02
+1.0644400E+01	+1.0000000E+00	-1.4004914E+02
+1.0648600E+01	+1.0000000E+00	-1.4196665E+02
+1.0652800E+01	+1.0000000E+00	-1.4388360E+02
+1.0657000E+01	+1.0000000E+00	-1.4579999E+02
+1.0661200E+01	+1.0000000E+00	-1.4771581E+02
+1.0665400E+01	+1.0000000E+00	-1.4963108E+02
+1.0669600E+01	+1.0000000E+00	-1.5154579E+02
+1.0673800E+01	+1.0000000E+00	-1.5345994E+02
+1.0678000E+01	+1.0000000E+00	-1.5537354E+02
+1.0682200E+01	+1.0000000E+00	-1.5728660E+02
+1.0686400E+01	+1.0000000E+00	-1.5919911E+02
+1.0690600E+01	+1.0000000E+00	-1.6111107E+02
+1.0694800E+01	+1.0000000E+00	-1.6302250E+02
+1.0699000E+01	+1.0000000E+00	-1.6493340E+02
+1.0703200E+01	+1.0000000E+00	-1.6684377E+02
+1.0707400E+01	+1.0000000E+00	-1.6875361E+02
+1.0711600E+01	+1.0000000E+00	-1.7066293E+02
+1.0715800E+01	+1.0000000E+00	-1.7257174E+02
+1.0720000E+01	+1.0000000E+00	-1.7448004E+02
+1.0724200E+01	+1.0000000E+00	-1.7638783E+02
+1.0728400E+01	+1.0000000E+00	-1.7829513E+02
+1.0732600E+01	+1.0000000E+00	+1.7979807E+02
+1.0736800E+01	+1.0000000E+00	+1.7789175E+02
+1.0741000E+01	+1.0000000E+00	+1.7598590E+02
+1.0745200E+01	+1.0000000E+00	+1.7408053E+02
+1.0749400E+01	+1.0000000E+00	+1.7217562E+02
+1.0753600E+01	+1.0000000E+00	+1.7027117E+02
+1.0757800E+01	+1.0000000E+00	+1.6836716E+02
+1.0762000E+01	+1.0000000E+00	+1.6646360E+02
+1.0766200E+01	+1.0000000E+00	+1.6456046E+02
+1.0770400E+01	+1.0000000E+00	+1.6265774E+02
+1.0774600E+01	+1.0000000E+00	+1.6075544E+02
+1.0778800E+01	+1.0000000E+00	+1.5885354E+02
+1.0783000E+01	+1.0000000E+00	+1.5695203E+02
+1.0787200E+01	+1.0000000E+00	+1.5505091E+02
+1.0791400E+01	+1.0000000E+00	+1.5315016E+02
+1.0795600E+01	+1.0000000E+00	+1.5124976E+02
+1.0799800E+01	+1.0000000E+00	+1.4934972E+02
+1.0804000E+01	+1.0000000E+00	+1.4745001E+02
+1.0808200E+01	+1.0000000E+00	+1.4555063E+02
+1.0812400E+01	+1.0000000E+00	+1.4365156E+02
+1.0816600E+01	+1.0000000E+00	+1.4175279E+02
+1.0820800E+01	+1.0000000E+00	+1.3985431E+02
+1.0825000E+01	+1.0000000E+00	+1.3795610E+02
+1.0829200E+01	+1.0000000E+00	+1.3605815E+02
+1.0833400E+01	+1.0000000E+00	+1.3416044E+02
+1.0837600E+01	+1.0000000E+00	+1.3226297E+02
+1.0841800E+01	+1.0000000E+00	+1.3036572E+02
+1.0846000E+01	+1.0000000E+00	+1.2846866E+02
+1.0850200E+01	+1.0000000E+00	+1.2657180E+02
+1.0854400E+01	+1.0000000E+00	+1.2467510E+02
+1.0858600E+01	+1.0000000E+00	+1.2277856E+02
+1.0862800E+01	+1.0000000E+00	+1.2088217E+02
+1.0867000E+01	+1.0000000E+00	+1.1898590E+02
+1.0871200E+01	+1.0000000E+00	+1.1708975E+02
+1.0875400E+01	+1.0000000E+00	+1.1519369E+02
+1.0879600E+01	+1.0000000E+00	+1.1329773E+02
+1.0883800E+01	+1.0000000E+00	+1.1140183E+02
+1.0888000E+01	+1.0000000E+00	+1.0950600E+02
+1.0892200E+01	+1.0000000E+00	+1.0761022E+02
+1.0896400E+01	+1.0000000E+00	+1.0571448E+02
+1.0900600E+01	+1.0000000E+00	+1.0381878E+02
+1.0904800E+01	+1.0000000E+00	+1.0192312E+02
+1.0909000E+01	+1.0000000E+00	+1.0002750E+02
+1.0913200E+01	+1.0000000E+00	+9.8131911E+01
+1.0917400E+01	+1.0000000E+00	+9.6236372E+01
+1.0921600E+01	+1.0000000E+00	+9.4340891E+01
+1.0925800E+01	+1.0000000E+00	+9.2445488E+01
+1.0930000E+01	+1.0000000E+00	+9.0550185E+01
+1.0934200E+01	+1.0000000E+00	+8.8655012E+01
+1.0938400E+01	+1.0000000E+00	+8.6760007E+01
+1.0942600E+01	+1.0000000E+00	+8.4865213E+01
+1.0946800E+01	+1.0000000E+00	+8.2970680E+01
+1.0951000E+01	+1.0000000E+00	+8.1076468E+01
+1.0955200E+01	+1.0000000E+00	+7.9182641E+01
+1.0959400E+01	+1.0000000E+00	+7.7289270E+01
+1.0963600E+01	+1.0000000E+00	+7.5396431E+01
+1.0967800E+01	+1.0000000E+00	+7.3504203E+01
+1.0972000E+01	+1.0000000E+00	+7.1612666E+01
+1.0976200E+01	+1.0000000E+00	+6.9721902E+01
+1.0980400E+01	+1.0000000E+00	+6.7831988E+01
+1.0984600E+01	+1.0000000E+00	+6.5942995E+01
+1.0988800E+01	+1.0000000E+00	+6.4054987E+01
+1.0993000E+01	+1.0000000E+00	+6.2168016E+01
+1.0997200E+01	+1.0000000E+00	+6.0282122E+01
+1.1001400E+01	+1.0000000E+00	+5.8397331E+01
+1.1005600E+01	+1.0000000E+00	+5.6513651E+01
+1.1009800E+01	+1.0000000E+00	+5.4631077E+01
+1.1014000E+01	+1.0000000E+00	+5.2749586E+01
+1.1018200E+01	+1.0000000E+00	+5.0869139E+01
+1.1022400E+01	+9.9986036E-01	+4.8989687E+01
+1.1026600E+01	+9.9972719E-01	+4.7111167E+01
+1.1030800E+01	+9.9960273E-01	+4.5233507E+01
+1.1035000E+01	+9.9948790E-01	+4.3356631E+01
+1.1039200E+01	+9.9938339E-01	+4.1480457E+01
+1.1043400E+01	+9.9928967E-01	+3.9604903E+01
+1.1047600E+01	+9.9920698E-01	+3.7729888E+01
+1.1051800E+01	+9.9913537E-01	+3.5855334E+01
+1.1056000E+01	+9.9907470E-01	+3.3981167E+01
+1.1060200E+01	+9.9902471E-01	+3.2107319E+01
+1.1064400E+01	+9.9898498E-01	+3.0233730E+01
+1.1068600E+01	+9.9895501E-01	+2.8360344E+01
+1.1072800E+01	+9.9893423E-01	+2.6487116E+01
+1.1077000E+01	+9.9892201E-01	+2.4614004E+01
+1.1081200E+01	+9.9891768E-01	+2.2740977E+01
+1.1085400E+01	+9.9892058E-01	+2.0868007E+01
+1.1089600E+01	+9.9893003E-01	+1.8995075E+01
+1.1093800E+01	+9.9894536E-01	+1.7122166E+01
+1.1098000E+01	+9.9896595E-01	+1.5249269E+01
+1.1102200E+01	+9.9899116E-01	+1.3376380E+01
+1.1106400E+01	+9.9902042E-01	+1.1503496E+01
+1.1110600E+01	+9.9905318E-01	+9.6306201E+00
+1.1114800E+01	+9.9908893E-01	+7.7577560E+00
+1.1119000E+01	+9.9912720E-01	+5.8849109E+00
+1.1123200E+01	+9.9916754E-01	+4.0120938E+00
+1.1127400E+01	+9.9920955E-01	+2.1393152E+00
+1.1131600E+01	+9.9925289E-01	+2.6658725E-01
+1.1135800E+01	+9.9929720E-01	-1.6060771E+00
+1.1140000E+01	+9.9934219E-01	-3.4786638E+00
+1.1144200E+01	+9.9938760E-01	-5.3511583E+00
+1.1148400E+01	+9.9943319E-01	-7.2235455E+00
+1.1152600E+01	+9.9947873E-01	-9.0958100E+00
+1.1156800E+01	+9.9952404E-01	-1.0967936E+01
+1.1161000E+01	+9.9956894E-01	-1.2839908E+01
+1.1165200E+01	+9.9961330E-01	-1.4711710E+01
+1.1169400E+01	+9.9965697E-01	-1.6583327E+01
+1.1173600E+01	+9.9969985E-01	-1.8454742E+01
+1.1177800E+01	+9.9974184E-01	-2.0325940E+01
+1.1182000E+01	+9.9978285E-01	-2.2196906E+01
+1.1186200E+01	+9.9982281E-01	-2.4067624E+01
+1.1190400E+01	+9.9986166E-01	-2.5938080E+01
+1.1194600E+01	+9.9989936E-01	-2.7808259E+01
+1.1198800E+01	+9.9993586E-01	-2.9678146E+01
+1.1200000E+01	+9.9994606E-01	-3.0212344E+01
+1.1203000E+01	+9.9997113E-01	-3.1547728E+01
+1.1207200E+01	+1.0000000E+00	-3.3416991E+01
+1.1211400E+01	+1.0000000E+00	-3.5285922E+01
+1.1215600E+01	+1.0000000E+00	-3.7154506E+01
+1.1219800E+01	+1.0000000E+00	-3.9022732E+01
+1.1224000E+01	+1.0000000E+00	-4.0890587E+01
+1.1228200E+01	+1.0000000E+00	-4.2758059E+01
+1.1232400E+01	+1.0000000E+00	-4.4625137E+01
+1.1236600E+01	+1.0000000E+00	-4.6491808E+01
+1.1240800E+01	+1.0000000E+00	-4.8358062E+01
+1.1245000E+01	+1.0000000E+00	-5.0223889E+01
+1.1249200E+01	+1.0000000E+00	-5.2089278E+01
+1.1253400E+01	+1.0000000E+00	-5.3954220E+01
+1.1257600E+01	+1.0000000E+00	-5.5818704E+01
+1.1261800E+01	+1.0000000E+00	-5.7682723E+01
+1.1266000E+01	+1.0000000E+00	-5.9546267E+01
+1.1270200E+01	+1.0000000E+00	-6.1409328E+01
+1.1274400E+01	+1.0000000E+00	-6.3271899E+01
+1.1278600E+01	+1.0000000E+00	-6.5133972E+01
+1.1282800E+01	+1.0000000E+00	-6.6995540E+01
+1.1287000E+01	+1.0000000E+00	-6.8856597E+01
+1.1291200E+01	+1.0000000E+00	-7.0717137E+01
+1.1295400E+01	+1.0000000E+00	-7.2577153E+01
+1.1299600E+01	+1.0000000E+00	-7.4436642E+01
+1.1303800E+01	+1.0000000E+00	-7.6295599E+01
+1.1308000E+01	+1.0000000E+00	-7.8154018E+01
+1.1312200E+01	+1.0000000E+00	-8.0011897E+01
+1.1316400E+01	+1.0000000E+00	-8.1869232E+01
+1.1320600E+01	+1.0000000E+00	-8.3726020E+01
+1.1324800E+01	+1.0000000E+00	-8.5582260E+01
+1.1329000E+01	+1.0000000E+00	-8.7437948E+01
+1.1333200E+01	+1.0000000E+00	-8.9293084E+01
+1.1337400E+01	+1.0000000E+00	-9.1147666E+01
+1.1341600E+01	+1.0000000E+00	-9.3001695E+01
+1.1345800E+01	+1.0000000E+00	-9.4855170E+01
+1.1350000E+01	+1.0000000E+00	-9.6708092E+01
+1.1354200E+01	+1.0000000E+00	-9.8560462E+01
+1.1358400E+01	+1.0000000E+00	-1.0041228E+02
+1.1362600E+01	+1.0000000E+00	-1.0226355E+02
+1.1366800E+01	+1.0000000E+00	-1.0411427E+02
+1.1371000E+01	+1.0000000E+00	-1.0596445E+02
+1.1375200E+01	+1.0000000E+00	-1.0781409E+02
+1.1379400E+01	+1.0000000E+00	-1.0966320E+02
+1.1383600E+01	+1.0000000E+00	-1.1151177E+02
+1.1387800E+01	+1.0000000E+00	-1.1335981E+02
+1.1392000E+01	+1.0000000E+00	-1.1520733E+02
+1.1396200E+01	+1.0000000E+00	-1.1705433E+02
+1.1400400E+01	+1.0000000E+00	-1.1890082E+02
+1.1404600E+01	+1.0000000E+00	-1.2074681E+02
+1.1408800E+01	+1.0000000E+00	-1.2259230E+02
+1.1413000E+01	+1.0000000E+00	-1.2443729E+02
+1.1417200E+01	+1.0000000E+00	-1.2628181E+02
+1.1421400E+01	+1.0000000E+00	-1.2812584E+02
+1.1425600E+01	+1.0000000E+00	-1.2996941E+02
+1.1429800E+01	+1.0000000E+00	-1.3181252E+02
+1.1434000E+01	+1.0000000E+00	-1.3365518E+02
+1.1438200E+01	+1.0000000E+00	-1.3549740E+02
+1.1442400E+01	+1.0000000E+00	-1.3733919E+02
+1.1446600E+01	+1.0000000E+00	-1.3918056E+02
+1.1450800E+01	+1.0000000E+00	-1.4102151E+02
+1.1455000E+01	+1.0000000E+00	-1.4286206E+02
+1.1459200E+01	+1.0000000E+00	-1.4470222E+02
+1.1463400E+01	+1.0000000E+00	-1.4654200E+02
+1.1467600E+01	+1.0000000E+00	-1.4838141E+02
+1.1471800E+01	+1.0000000E+00	-1.5022046E+02
+1.1476000E+01	+1.0000000E+00	-1.5205917E+02
+1.1480200E+01	+1.0000000E+00	-1.5389753E+02
+1.1484400E+01	+1.0000000E+00	-1.5573557E+02
+1.1488600E+01	+1.0000000E+00	-1.5757330E+02
+1.1492800E+01	+1.0000000E+00	-1.5941073E+02
+1.1497000E+01	+1.0000000E+00	-1.6124787E+02
+1.1501200E+01	+1.0000000E+00	-1.6308473E+02
+1.1505400E+01	+1.0000000E+00	-1.6492132E+02
+1.1509600E+01	+1.0000000E+00	-1.6675765E+02
+1.1513800E+01	+1.0000000E+00	-1.6859374E+02
+1.1518000E+01	+1.0000000E+00	-1.7042960E+02
+1.1522200E+01	+1.0000000E+00	-1.7226524E+02
+1.1526400E+01	+1.0000000E+00	-1.7410067E+02
+1.1530600E+01	+1.0000000E+00	-1.7593590E+02
+1.1534800E+01	+1.0000000E+00	-1.7777094E+02
+1.1539000E+01	+1.0000000E+00	-1.7960581E+02
+1.1543200E+01	+1.0000000E+00	+1.7855950E+02
+1.1547400E+01	+1.0000000E+00	+1.7672495E+02
+1.1551600E+01	+1.0000000E+00	+1.7489056E+02
+1.1555800E+01	+1.0000000E+00	+1.7305629E+02
+1.1560000E+01	+1.0000000E+00	+1.7122216E+02
+1.1564200E+01	+1.0000000E+00	+1.6938814E+02
+1.1568400E+01	+1.0000000E+00	+1.6755423E+02
+1.1572600E+01	+1.0000000E+00	+1.6572042E+02
+1.1576800E+01	+1.0000000E+00	+1.6388670E+02
+1.1581000E+01	+1.0000000E+00	+1.6205307E+02
+1.1585200E+01	+1.0000000E+00	+1.6021951E+02
+1.1589400E+01	+1.0000000E+00	+1.5838602E+02
+1.1593600E+01	+1.0000000E+00	+1.5655260E+02
+1.1597800E+01	+1.0000000E+00	+1.5471923E+02
+1.1602000E+01	+9.9999704E-01	+1.5288592E+02
+1.1606200E+01	+9.9998080E-01	+1.5105265E+02
+1.1610400E+01	+9.9996438E-01	+1.4921942E+02
+1.1614600E+01	+9.9994779E-01	+1.4738623E+02
+1.1618800E+01	+9.9993106E-01	+1.4555308E+02
+1.1623000E+01	+9.9991420E-01	+1.4371996E+02
+1.1627200E+01	+9.9989722E-01	+1.4188687E+02
+1.1631400E+01	+9.9988014E-01	+1.4005381E+02
+1.1635600E+01	+9.9986299E-01	+1.3822078E+02
+1.1639800E+01	+9.9984578E-01	+1.3638777E+02
+1.1644000E+01	+9.9982853E-01	+1.3455479E+02
+1.1648200E+01	+9.9981127E-01	+1.3272184E+02
+1.1652400E+01	+9.9979401E-01	+1.3088892E+02
+1.1656600E+01	+9.9977679E-01	+1.2905604E+02
+1.1660800E+01	+9.9975963E-01	+1.2722318E+02
+1.1665000E+01	+9.9974255E-01	+1.2539037E+02
+1.1669200E+01	+9.9972557E-01	+1.2355759E+02
+1.1673400E+01	+9.9970873E-01	+1.2172487E+02
+1.1677600E+01	+9.9969206E-01	+1.1989220E+02
+1.1681800E+01	+9.9967557E-01	+1.1805958E+02
+1.1686000E+01	+9.9965930E-01	+1.1622703E+02
+1.1690200E+01	+9.9964328E-01	+1.1439455E+02
+1.1694400E+01	+9.9962753E-01	+1.1256215E+02
+1.1698600E+01	+9.9961209E-01	+1.1072984E+02
+1.1702800E+01	+9.9959699E-01	+1.0889763E+02
+1.1707000E+01	+9.9958225E-01	+1.0706552E+02
+1.1711200E+01	+9.9956790E-01	+1.0523354E+02
+1.1715400E+01	+9.9955397E-01	+1.0340167E+02
+1.1719600E+01	+9.9954050E-01	+1.0156995E+02
+1.1723800E+01	+9.9952752E-01	+9.9738383E+01
+1.1728000E+01	+9.9951504E-01	+9.7906975E+01
+1.1732200E+01	+9.9950311E-01	+9.6075744E+01
+1.1736400E+01	+9.9949175E-01	+9.4244703E+01
+1.1740600E+01	+9.9948098E-01	+9.2413865E+01
+1.1744800E+01	+9.9947084E-01	+9.0583244E+01
+1.1749000E+01	+9.9946135E-01	+8.8752855E+01
+1.1753200E+01	+9.9945254E-01	+8.6922713E+01
+1.1757400E+01	+9.9944444E-01	+8.5092834E+01
+1.1761600E+01	+9.9943706E-01	+8.3263232E+01
+1.1765800E+01	+9.9943044E-01	+8.1433924E+01
+1.1770000E+01	+9.9942459E-01	+7.9604926E+01
+1.1774200E+01	+9.9941953E-01	+7.7776254E+01
+1.1778400E+01	+9.9941529E-01	+7.5947925E+01
+1.1782600E+01	+9.9941189E-01	+7.4119956E+01
+1.1786800E+01	+9.9940934E-01	+7.2292363E+01
+1.1791000E+01	+9.9940765E-01	+7.0465163E+01
+1.1795200E+01	+9.9940685E-01	+6.8638374E+01
+1.1799400E+01	+9.9940694E-01	+6.6812012E+01
+1.1803600E+01	+9.9940794E-01	+6.4986095E+01
+1.1807800E+01	+9.9940986E-01	+6.3160639E+01
+1.1812000E+01	+9.9941270E-01	+6.1335662E+01
+1.1816200E+01	+9.9941647E-01	+5.9511179E+01
+1.1820400E+01	+9.9942118E-01	+5.7687209E+01
+1.1824600E+01	+9.9942682E-01	+5.5863766E+01
+1.1828800E+01	+9.9943341E-01	+5.4040867E+01
+1.1833000E+01	+9.9944093E-01	+5.2218529E+01
+1.1837200E+01	+9.9944939E-01	+5.0396766E+01
+1.1841400E+01	+9.9945877E-01	+4.8575594E+01
+1.1845600E+01	+9.9946908E-01	+4.6755027E+01
+1.1849800E+01	+9.9948030E-01	+4.4935080E+01
+1.1854000E+01	+9.9949243E-01	+4.3115766E+01
+1.1858200E+01	+9.9950545E-01	+4.1297100E+01
+1.1862400E+01	+9.9951934E-01	+3.9479094E+01
+1.1866600E+01	+9.9953409E-01	+3.7661759E+01
+1.1870800E+01	+9.9954967E-01	+3.5845109E+01
+1.1875000E+01	+9.9956608E-01	+3.4029152E+01
+1.1879200E+01	+9.9958328E-01	+3.2213901E+01
+1.1883400E+01	+9.9960126E-01	+3.0399364E+01
+1.1887600E+01	+9.9961998E-01	+2.8585551E+01
+1.1891800E+01	+9.9963941E-01	+2.6772468E+01
+1.1896000E+01	+9.9965954E-01	+2.4960124E+01
+1.1900200E+01	+9.9968031E-01	+2.3148525E+01
+1.1904400E+01	+9.9970171E-01	+2.1337676E+01
+1.1908600E+01	+9.9972370E-01	+1.9527581E+01
+1.1912800E+01	+9.9974624E-01	+1.7718246E+01
+1.1917000E+01	+9.9976929E-01	+1.5909671E+01
+1.1921200E+01	+9.9979282E-01	+1.4101859E+01
+1.1925400E+01	+9.9981678E-01	+1.2294811E+01
+1.1929600E+01	+9.9984113E-01	+1.0488527E+01
+1.1933800E+01	+9.9986584E-01	+8.6830044E+00
+1.1938000E+01	+9.9989084E-01	+6.8782421E+00
+1.1942200E+01	+9.9991611E-01	+5.0742366E+00
+1.1946400E+01	+9.9994160E-01	+3.2709834E+00
+1.1950600E+01	+9.9996725E-01	+1.4684771E+00
+1.1954800E+01	+9.9999303E-01	-3.3328880E-01
+1.1959000E+01	+1.0000000E+00	-2.1343218E+00
+1.1963200E+01	+1.0000000E+00	-3.9346306E+00
+1.1967400E+01	+1.0000000E+00	-5.7342248E+00
+1.1971600E+01	+1.0000000E+00	-7.5331152E+00
+1.1975800E+01	+1.0000000E+00	-9.3313137E+00
+1.1980000E+01	+1.0000000E+00	-1.1128833E+01
+1.1984200E+01	+1.0000000E+00	-1.2925688E+01
+1.1988400E+01	+1.0000000E+00	-1.4721892E+01
+1.1992600E+01	+1.0000000E+00	-1.6517462E+01
+1.1996800E+01	+1.0000000E+00	-1.8312415E+01
+1.2001000E+01	+1.0000000E+00	-2.0106769E+01
+1.2005200E+01	+1.0000000E+00	-2.1900543E+01
+1.2009400E+01	+1.0000000E+00	-2.3693756E+01
+1.2013600E+01	+1.0000000E+00	-2.5486430E+01
+1.2017800E+01	+1.0000000E+00	-2.7278587E+01
+1.2022000E+01	+1.0000000E+00	-2.9070248E+01
+1.2026200E+01	+1.0000000E+00	-3.0861437E+01
+1.2030400E+01	+1.0000000E+00	-3.2652179E+01
+1.2034600E+01	+1.0000000E+00	-3.4442498E+01
+1.2038800E+01	+1.0000000E+00	-3.6232419E+01
+1.2043000E+01	+1.0000000E+00	-3.8021970E+01
+1.2047200E+01	+1.0000000E+00	-3.9811177E+01
+1.2051400E+01	+1.0000000E+00	-4.1600067E+01
+1.2055600E+01	+1.0000000E+00	-4.3388669E+01
+1.2059800E+01	+1.0000000E+00	-4.5177011E+01
+1.2064000E+01	+1.0000000E+00	-4.6965121E+01
+1.2068200E+01	+1.0000000E+00	-4.8753029E+01
+1.2072400E+01	+1.0000000E+00	-5.0540764E+01
+1.2076600E+01	+1.0000000E+00	-5.2328356E+01
+1.2080800E+01	+1.0000000E+00	-5.4115835E+01
+1.2085000E+01	+1.0000000E+00	-5.5903231E+01
+1.2089200E+01	+1.0000000E+00	-5.7690573E+01
+1.2093400E+01	+1.0000000E+00	-5.9477891E+01
+1.2097600E+01	+1.0000000E+00	-6.1265216E+01
+1.2101800E+01	+1.0000000E+00	-6.3052577E+01
+1.2106000E+01	+1.0000000E+00	-6.4840003E+01
+1.2110200E+01	+1.0000000E+00	-6.6627522E+01
+1.2114400E+01	+1.0000000E+00	-6.8415164E+01
+1.2118600E+01	+1.0000000E+00	-7.0202956E+01
+1.2122800E+01	+1.0000000E+00	-7.1990926E+01
+1.2127000E+01	+1.0000000E+00	-7.3779100E+01
+1.2131200E+01	+1.0000000E+00	-7.5567504E+01
+1.2135400E+01	+1.0000000E+00	-7.7356164E+01
+1.2139600E+01	+1.0000000E+00	-7.9145102E+01
+1.2143800E+01	+1.0000000E+00	-8.0934342E+01
+1.2148000E+01	+1.0000000E+00	-8.2723906E+01
+1.2152200E+01	+1.0000000E+00	-8.4513813E+01
+1.2156400E+01	+1.0000000E+00	-8.6304085E+01
+1.2160600E+01	+1.0000000E+00	-8.8094737E+01
+1.2164800E+01	+1.0000000E+00	-8.9885786E+01
+1.2169000E+01	+1.0000000E+00	-9.1677248E+01
+1.2173200E+01	+1.0000000E+00	-9.3469134E+01
+1.2177400E+01	+1.0000000E+00	-9.5261456E+01
+1.2181600E+01	+1.0000000E+00	-9.7054222E+01
+1.2185800E+01	+1.0000000E+00	-9.8847440E+01
+1.2190000E+01	+1.0000000E+00	-1.0064112E+02
+1.2194200E+01	+1.0000000E+00	-1.0243525E+02
+1.2198400E+01	+1.0000000E+00	-1.0422985E+02
+1.2202600E+01	+1.0000000E+00	-1.0602490E+02
+1.2206800E+01	+1.0000000E+00	-1.0782041E+02
+1.2211000E+01	+1.0000000E+00	-1.0961636E+02
+1.2215200E+01	+1.0000000E+00	-1.1141275E+02
+1.2219400E+01	+1.0000000E+00	-1.1320957E+02
+1.2223600E+01	+1.0000000E+00	-1.1500679E+02
+1.2227800E+01	+1.0000000E+00	-1.1680441E+02
+1.2232000E+01	+1.0000000E+00	-1.1860240E+02
+1.2236200E+01	+1.0000000E+00	-1.2040073E+02
+1.2240400E+01	+1.0000000E+00	-1.2219938E+02
+1.2244600E+01	+1.0000000E+00	-1.2399833E+02
+1.2248800E+01	+1.0000000E+00	-1.2579752E+02
+1.2253000E+01	+1.0000000E+00	-1.2759694E+02
+1.2257200E+01	+1.0000000E+00	-1.2939653E+02
+1.2261400E+01	+1.0000000E+00	-1.3119626E+02
+1.2265600E+01	+1.0000000E+00	-1.3299607E+02
+1.2269800E+01	+1.0000000E+00	-1.3479592E+02
+1.2274000E+01	+1.0000000E+00	-1.3659575E+02
+1.2278200E+01	+1.0000000E+00	-1.3839551E+02
+1.2282400E+01	+1.0000000E+00	-1.4019513E+02
+1.2286600E+01	+1.0000000E+00	-1.4199455E+02
+1.2290800E+01	+1.0000000E+00	-1.4379369E+02
+1.2295000E+01	+1.0000000E+00	-1.4559249E+02
+1.2299200E+01	+1.0000000E+00	-1.4739088E+02
+1.2303400E+01	+1.0000000E+00	-1.4918876E+02
+1.2307600E+01	+9.9999277E-01	-1.5098607E+02
+1.2311800E+01	+9.9997622E-01	-1.5278270E+02
+1.2316000E+01	+9.9995977E-01	-1.5457858E+02
+1.2320200E+01	+9.9994340E-01	-1.5637361E+02
+1.2324400E+01	+9.9992705E-01	-1.5816769E+02
+1.2328600E+01	+9.9991069E-01	-1.5996072E+02
+1.2332800E+01	+9.9989426E-01	-1.6175260E+02
+1.2337000E+01	+9.9987771E-01	-1.6354322E+02
+1.2341200E+01	+9.9986099E-01	-1.6533247E+02
+1.2345400E+01	+9.9984401E-01	-1.6712023E+02
+1.2349600E+01	+9.9982671E-01	-1.6890640E+02
+1.2353800E+01	+9.9980901E-01	-1.7069085E+02
+1.2358000E+01	+9.9979082E-01	-1.7247345E+02
+1.2362200E+01	+9.9977204E-01	-1.7425410E+02
+1.2366400E+01	+9.9975258E-01	-1.7603265E+02
+1.2370600E+01	+9.9973233E-01	-1.7780898E+02
+1.2374800E+01	+9.9971118E-01	-1.7958295E+02
+1.2379000E+01	+9.9968901E-01	+1.7864556E+02
+1.2383200E+01	+9.9966570E-01	+1.7687670E+02
+1.2387400E+01	+9.9964112E-01	+1.7511061E+02
+1.2391600E+01	+9.9961513E-01	+1.7334741E+02
+1.2395800E+01	+9.9958759E-01	+1.7158727E+02
+1.2400000E+01	+9.9955836E-01	+1.6983031E+02
